Time ID V1 V2 V3 I1 I2 I3 I4 O1 O2
2000-01-07 00:06:45 22 13871 5002 15972 0 45 26 858 21021 943
2000-01-07 00:16:45 22 13871 5002 16071 0 46 26 852 21076 962
2000-01-07 00:26:45 22 13871 5002 16071 0 46 26 823 21076 923
2000-01-07 00:36:45 22 13871 5002 15917 0 45 26 813 21021 895
2000-01-07 00:46:45 22 13871 5002 15972 0 45 26 768 20966 868
2000-01-07 00:56:45 22 13871 5002 16027 0 46 26 740 21021 829
2000-01-07 01:06:45 22 13871 5002 15972 0 46 26 725 21076 798
2000-01-07 01:16:45 22 13871 5002 16071 0 45 26 651 20966 710
2000-01-07 01:26:45 22 13651 5002 15488 0 45 26 352 20647 374
2000-01-07 01:36:45 22 13871 5002 16291 0 45 26 583 21505 638
2000-01-07 01:46:45 22 13816 5002 16346 0 45 26 493 21395 554
2000-01-07 01:56:45 22 13816 5002 16027 0 45 26 430 21340 475
2000-01-07 02:06:45 22 13761 5002 15807 0 46 26 360 21186 398
2000-01-07 02:16:45 22 13706 5002 15917 0 47 26 286 21131 323
2000-01-07 02:26:45 22 13651 5002 15697 0 45 26 225 21076 250
2000-01-07 02:36:45 22 13552 5002 15642 0 45 26 163 21021 182
2000-01-07 02:46:45 22 13497 5002 15378 0 45 27 108 20801 121
2000-01-07 02:56:45 22 13387 5002 14949 0 44 26 60 20537 72
2000-01-07 03:06:45 22 13332 5002 14355 0 45 26 32 19250 38
2000-01-07 03:16:45 22 13277 5002 13926 0 49 27 17 17204 21
2000-01-07 03:26:45 22 13277 5002 13816 0 44 26 11 16401 15
2000-01-07 03:36:45 22 13277 5002 13222 0 46 26 4 14245 8
2000-01-07 03:46:45 22 13222 5002 11132 0 45 26 3 10538 4
2000-01-07 03:56:45 22 13222 5002 3388 0 46 27 0 2420 1
2000-01-07 04:06:45 22 13068 5002 319 228 46 26 0 264 0
2000-01-07 04:16:45 22 13068 5002 55 226 45 26 0 0 0
2000-01-07 04:26:45 22 13068 5002 0 259 40 26 0 0 0
2000-01-07 04:36:45 22 13013 5307 0 392 0 26 0 0 0
2000-01-07 04:46:45 22 13013 5307 0 391 0 27 0 0 0
2000-01-07 04:56:45 22 13013 5307 0 391 0 26 0 0 0
2000-01-07 05:06:45 22 13013 5307 0 391 0 26 0 0 0
2000-01-07 05:16:45 22 13013 5307 0 391 0 26 0 0 0
2000-01-07 05:26:45 22 13013 5307 0 391 0 26 0 0 0
2000-01-07 05:36:45 22 13013 5307 0 391 0 26 0 0 0
2000-01-07 05:46:45 22 13013 5307 0 391 0 26 0 0 0
2000-01-07 05:56:45 22 13013 5307 0 391 0 26 0 0 0
2000-01-07 06:06:45 22 13013 5307 0 391 0 26 0 0 0
2000-01-07 06:16:45 22 13013 5307 0 391 0 26 0 0 0
2000-01-07 06:26:45 22 13013 5307 0 392 0 26 0 0 0
2000-01-07 06:36:45 22 13013 5307 0 393 0 26 0 0 0
2000-01-07 06:46:45 22 13123 5307 0 205 0 26 0 0 0
2000-01-07 06:56:45 22 13123 5307 0 163 0 26 0 0 0
2000-01-07 07:06:45 22 13123 5307 0 163 0 26 0 0 0
2000-01-07 07:16:45 22 13123 5307 0 163 0 26 0 0 0
2000-01-07 07:26:45 22 13123 5246 0 163 71 26 0 0 0
2000-01-07 07:36:45 22 13068 4941 0 19 670 26 0 0 0
2000-01-07 07:46:45 22 13068 4941 0 0 671 26 0 0 0
2000-01-07 07:56:45 22 13068 4941 0 0 672 30 0 0 0
2000-01-07 08:06:45 22 13068 4941 0 0 673 27 0 0 0
2000-01-07 08:16:45 22 13068 4941 0 0 673 26 0 0 0
2000-01-07 08:26:45 22 13013 4941 0 0 641 26 0 0 0
2000-01-07 08:36:45 22 13123 5063 0 0 347 26 0 0 0
2000-01-07 08:46:45 22 13222 5307 0 0 0 26 0 0 0
2000-01-07 08:56:45 22 13222 5307 0 0 0 26 0 0 0
2000-01-07 09:06:45 22 13277 5307 0 0 0 26 0 0 0
2000-01-07 09:16:45 22 13277 5307 0 0 0 26 0 0 0
2000-01-07 09:26:45 22 13277 5307 0 0 0 26 0 0 0
2000-01-07 09:36:45 22 13277 5307 0 0 0 26 0 0 0
2000-01-07 09:46:45 22 13277 5307 0 0 0 26 0 0 0
2000-01-07 09:56:45 22 13277 5307 0 0 0 26 0 0 0
2000-01-07 10:06:45 22 13277 5307 0 0 0 26 0 0 0
2000-01-07 10:16:45 22 13277 5307 0 0 0 26 0 0 0
2000-01-07 10:26:45 22 13123 5063 0 0 412 26 0 0 0
2000-01-07 10:36:45 22 13068 4941 0 0 496 26 0 0 0
2000-01-07 10:46:45 22 13068 4941 0 0 461 26 0 0 0
2000-01-07 10:56:45 22 13068 4941 0 0 480 26 0 0 0
2000-01-07 11:06:45 22 13068 4941 0 0 496 26 0 0 0
2000-01-07 11:16:45 22 13068 4941 0 0 496 26 0 0 0
2000-01-07 11:26:45 22 13068 4941 0 0 496 26 0 0 0
2000-01-07 11:36:45 22 13068 4941 0 0 490 26 0 0 0
2000-01-07 11:46:45 22 13068 4941 0 0 432 26 0 0 0
2000-01-07 11:56:45 22 13068 4941 0 0 390 26 0 0 0
2000-01-07 12:06:45 22 13068 4941 0 0 329 27 0 0 -2
2000-01-07 12:16:45 22 13167 5307 0 0 3 26 0 0 0
2000-01-07 12:26:45 22 13222 5307 0 0 0 26 0 0 0
2000-01-07 12:36:45 22 13222 5307 0 0 0 26 0 0 0
2000-01-07 12:46:45 22 13222 5307 0 0 0 27 0 0 0
2000-01-07 12:56:45 22 13222 5307 0 0 0 26 0 0 0
2000-01-07 13:06:45 22 13222 5307 0 0 0 26 0 0 0
2000-01-07 13:16:45 22 13222 5307 0 0 0 26 0 0 0
2000-01-07 13:26:45 22 13222 5307 0 0 0 26 0 0 0
2000-01-07 13:36:45 22 13222 5307 0 0 0 27 0 0 0
2000-01-07 13:46:45 22 13167 5307 0 88 0 26 0 0 0
2000-01-07 13:56:45 22 13068 5307 0 164 0 26 0 0 0
2000-01-07 14:06:45 22 13068 5307 0 164 0 26 0 0 0
2000-01-07 14:16:45 22 13123 5307 0 71 0 26 0 0 0
2000-01-07 14:26:45 22 13167 5307 0 0 0 26 0 0 0
2000-01-07 14:36:45 22 13222 5307 0 0 0 26 0 0 0
2000-01-07 14:46:45 22 13222 5307 0 0 0 26 0 0 0
2000-01-07 14:56:45 22 13222 5307 0 0 0 26 0 0 0
2000-01-07 15:06:45 22 13222 5307 0 0 0 26 0 0 0
2000-01-07 15:16:45 22 13222 5307 0 0 0 26 0 0 0
2000-01-07 15:26:45 22 13222 5307 0 0 0 26 0 0 0
2000-01-07 15:36:45 22 13222 5307 55 0 0 26 0 55 0
2000-01-07 15:46:45 22 13222 5307 1188 0 0 26 0 858 0
2000-01-07 15:56:45 22 13222 5307 7370 0 0 26 1 6930 3
2000-01-07 16:06:45 22 13222 5307 12793 0 0 26 3 12903 5
2000-01-07 16:16:45 22 13222 5307 13926 0 0 26 6 15807 10
2000-01-07 16:26:45 22 13222 5307 13816 0 0 26 12 17204 16
2000-01-07 16:36:45 22 13222 5307 13926 0 0 26 19 18062 23
2000-01-07 16:46:45 22 13222 5307 14091 4 0 26 25 18546 28
2000-01-07 16:56:45 22 13222 5307 14091 0 0 26 30 18975 34
2000-01-07 17:06:45 22 13222 5307 14091 0 0 26 34 19569 37
2000-01-07 17:16:45 22 13222 5307 14410 0 0 26 37 20108 42
2000-01-07 17:26:45 22 13277 5307 14839 0 0 26 41 20592 48
2000-01-07 17:36:45 22 13277 5307 14949 0 0 26 46 20911 58
2000-01-07 17:46:45 22 13277 5307 15213 0 0 26 49 21186 66
2000-01-07 17:56:45 22 13277 5307 15488 0 0 26 50 21340 84
2000-01-07 18:06:45 22 13277 5307 15378 0 0 26 53 21450 119
2000-01-07 18:16:45 22 13277 5307 15378 0 0 26 55 21505 186
2000-01-07 18:26:45 22 13277 5307 15488 0 0 26 58 21505 259
2000-01-07 18:36:45 22 13332 5307 15378 0 0 26 65 21340 297
2000-01-07 18:46:45 22 13332 5307 15323 0 0 26 80 21285 342
2000-01-07 18:56:45 22 13387 5307 15807 0 0 26 169 21340 413
2000-01-07 19:06:45 22 13497 5307 16236 0 0 26 228 21340 469
2000-01-07 19:16:45 22 13607 5307 15972 0 0 26 343 21340 539
2000-01-07 19:26:45 22 13607 5307 16830 0 0 26 370 21186 576
2000-01-07 19:36:45 22 13706 5307 16555 0 0 26 536 21395 742
2000-01-07 19:46:45 22 13706 5307 16401 0 0 26 577 21186 683
2000-01-07 19:56:45 22 13651 5307 15862 0 0 27 423 20537 453
2000-01-07 20:06:45 22 13761 5307 16181 0 0 27 644 21131 696
2000-01-07 20:16:45 22 13607 5307 15378 0 0 29 381 20757 431
2000-01-07 20:26:45 22 13871 5307 16610 0 0 26 774 21505 924
2000-01-07 20:36:45 22 13926 5307 16027 0 0 26 916 21076 943
2000-01-07 20:46:45 22 13816 5307 16291 0 0 26 691 21021 805
2000-01-07 20:56:45 22 13926 5307 16126 0 0 26 938 21076 1038
2000-01-07 21:06:45 22 13926 5307 16071 0 0 26 928 21021 1080
2000-01-07 21:16:45 22 13761 5307 15697 0 0 26 603 20757 786
2000-01-07 21:26:45 22 13816 5307 16181 0 0 26 751 21021 822
2000-01-07 21:36:45 22 13871 5307 16126 0 0 27 814 20911 959
2000-01-07 21:46:45 22 14091 5307 16181 0 0 29 1090 20966 1225
2000-01-07 21:56:45 22 14036 5307 16401 0 0 26 989 20757 1198
2000-01-07 22:06:45 22 14091 5307 16500 0 0 27 930 20757 1111
2000-01-07 22:16:45 22 14036 5307 17578 0 0 26 668 20801 935
2000-01-07 22:26:45 22 13981 5307 16720 0 0 26 513 20647 671
2000-01-07 22:36:45 22 14135 5307 19085 0 0 26 493 21076 1082
2000-01-07 22:46:45 22 14300 5307 19140 0 0 27 388 20537 1137
2000-01-07 22:56:45 22 14245 5307 19943 0 0 27 205 20801 1127
2000-01-07 23:06:45 22 14300 5307 18282 0 0 26 152 20108 366
2000-01-07 23:16:45 22 14355 5307 20647 0 0 27 111 20966 786
2000-01-07 23:26:45 22 14355 5307 19998 0 0 27 87 20328 681
2000-01-07 23:36:45 22 14355 5307 20273 0 0 26 69 20647 782
2000-01-07 23:46:45 22 14300 5307 20482 0 0 26 55 20647 749
2000-01-07 23:56:45 22 14410 5307 20328 0 0 26 58 20592 663
