Time ID V1 V2 V3 I1 I2 I3 I4 O1 O2
2000-03-06 00:02:03 22 14410 0 21076 0 0 28 33 21186 862
2000-03-06 00:12:03 22 14410 0 21076 0 0 28 33 21186 853
2000-03-06 00:22:03 22 14410 0 21340 0 0 27 33 21450 841
2000-03-06 00:32:03 22 14410 0 21186 0 0 27 33 21241 829
2000-03-06 00:42:03 22 14410 0 21186 0 0 27 32 21241 812
2000-03-06 00:52:03 22 14410 0 21285 0 0 26 32 21395 791
2000-03-06 01:02:03 22 14410 0 21285 0 0 26 32 21395 771
2000-03-06 01:12:03 22 14410 0 21241 0 0 27 33 21340 748
2000-03-06 01:22:03 22 14410 0 21285 0 0 28 33 21395 721
2000-03-06 01:32:03 22 14410 0 21285 0 0 27 32 21395 693
2000-03-06 01:42:03 22 14300 0 21021 0 0 26 126 21395 660
2000-03-06 01:52:03 22 14300 0 21021 0 0 28 141 21505 626
2000-03-06 02:02:03 22 14300 0 21021 0 0 28 142 21505 586
2000-03-06 02:12:03 22 14300 0 20966 0 0 29 145 21450 545
2000-03-06 02:22:03 22 14300 0 20911 4 0 26 141 21450 500
2000-03-06 02:32:03 22 14300 0 20801 0 0 27 138 21395 450
2000-03-06 02:42:03 22 14135 0 18007 0 0 27 98 19734 220
2000-03-06 02:52:03 22 13387 0 13981 0 0 26 20 17743 24
2000-03-06 03:02:03 22 13167 0 13761 0 0 26 17 17523 20
2000-03-06 03:12:03 22 13167 0 13761 0 0 26 12 16984 16
2000-03-06 03:22:03 22 13167 0 13552 0 0 27 8 15917 11
2000-03-06 03:32:03 22 13167 0 13013 0 0 28 4 13442 6
2000-03-06 03:42:03 22 13167 0 10219 0 0 27 2 9570 4
2000-03-06 03:52:03 22 13167 0 3014 0 0 28 0 2156 1
2000-03-06 04:02:03 22 13167 0 264 0 0 28 0 220 0
2000-03-06 04:12:03 22 13013 0 0 262 0 28 0 0 0
2000-03-06 04:22:03 22 12903 0 0 397 0 28 0 0 0
2000-03-06 04:32:03 22 12903 0 0 396 0 28 0 0 0
2000-03-06 04:42:03 22 12903 0 0 395 0 28 0 0 0
2000-03-06 04:52:03 22 12958 0 0 395 0 26 0 0 0
2000-03-06 05:02:03 22 13013 0 0 393 0 26 0 0 0
2000-03-06 05:12:03 22 13013 0 0 393 0 27 0 0 0
2000-03-06 05:22:03 22 13013 0 0 394 0 27 0 0 0
2000-03-06 05:32:03 22 13013 0 0 394 0 27 0 0 0
2000-03-06 05:42:03 22 13013 0 0 394 0 28 0 0 0
2000-03-06 05:52:03 22 13013 0 0 394 0 28 0 0 0
2000-03-06 06:02:03 22 12958 0 0 394 0 29 0 0 0
2000-03-06 06:12:03 22 12958 0 0 394 0 27 0 0 0
2000-03-06 06:22:03 22 12958 0 0 394 0 27 0 0 0
2000-03-06 06:32:03 22 12958 0 0 394 0 28 0 0 0
2000-03-06 06:42:03 22 12958 0 0 394 0 27 0 0 0
2000-03-06 06:52:03 22 13068 0 0 260 0 29 0 0 0
2000-03-06 07:02:03 22 13068 0 0 226 0 27 0 0 0
2000-03-06 07:12:03 22 13068 0 0 226 0 26 0 0 0
2000-03-06 07:22:03 22 13068 0 0 226 0 26 0 0 0
2000-03-06 07:32:03 22 13068 0 0 226 0 26 0 0 0
2000-03-06 07:42:03 22 13068 0 0 226 0 27 0 0 0
2000-03-06 07:52:03 22 13068 0 0 226 0 28 0 0 0
2000-03-06 08:02:03 22 13068 0 0 226 0 29 0 0 0
2000-03-06 08:12:03 22 13013 0 0 226 0 27 0 0 0
2000-03-06 08:22:03 22 13123 0 0 75 0 28 0 0 0
2000-03-06 08:32:03 22 13222 0 0 0 0 27 0 0 0
2000-03-06 08:42:03 22 13222 0 0 0 0 27 0 0 0
2000-03-06 08:52:03 22 13222 0 0 0 0 26 0 0 0
2000-03-06 09:02:03 22 13222 0 0 0 0 27 0 0 0
2000-03-06 09:12:03 22 13222 0 0 0 0 27 0 0 0
2000-03-06 09:22:03 22 13222 0 0 0 0 27 0 0 0
2000-03-06 09:32:03 22 13222 0 0 0 0 28 0 0 0
2000-03-06 09:42:03 22 13222 0 0 0 0 27 0 0 0
2000-03-06 09:52:03 22 13222 0 0 0 0 28 0 0 0
2000-03-06 10:02:03 22 13222 0 0 0 0 28 0 0 0
2000-03-06 10:12:03 22 13222 0 0 0 0 29 0 0 0
2000-03-06 10:22:03 22 13222 0 0 0 0 27 0 0 0
2000-03-06 10:32:03 22 13222 0 0 0 0 27 0 0 0
2000-03-06 10:42:03 22 13222 0 0 4 0 27 0 0 0
2000-03-06 10:52:03 22 13068 0 0 229 0 26 0 0 0
2000-03-06 11:02:03 22 13013 0 0 228 0 28 0 0 0
2000-03-06 11:12:03 22 13013 0 0 228 0 28 0 0 0
2000-03-06 11:22:03 22 13013 0 0 228 0 28 0 0 0
2000-03-06 11:32:03 22 12958 0 0 228 0 28 0 0 0
2000-03-06 11:42:03 22 12958 0 0 228 0 28 0 0 0
2000-03-06 11:52:03 22 12958 0 0 228 0 28 0 0 0
2000-03-06 12:02:03 22 12958 0 0 229 0 27 0 0 0
2000-03-06 12:12:03 22 12958 0 0 229 0 28 0 0 0
2000-03-06 12:22:03 22 12958 0 0 229 0 28 0 0 0
2000-03-06 12:32:03 22 12958 0 0 229 0 26 0 0 0
2000-03-06 12:42:03 22 12903 0 0 229 0 28 0 0 0
2000-03-06 12:52:03 22 12903 0 0 229 0 27 0 0 0
2000-03-06 13:02:03 22 12903 0 0 229 0 28 0 0 0
2000-03-06 13:12:03 22 12903 0 0 229 0 27 0 0 0
2000-03-06 13:22:03 22 12903 0 0 229 0 26 0 0 0
2000-03-06 13:32:03 22 12903 0 0 229 0 29 0 0 0
2000-03-06 13:42:03 22 12903 0 0 230 0 28 0 0 0
2000-03-06 13:52:03 22 12903 0 0 230 0 28 0 0 0
2000-03-06 14:02:03 22 12903 0 0 230 0 27 0 0 0
2000-03-06 14:12:03 22 12903 0 0 230 0 27 0 0 0
2000-03-06 14:22:03 22 12903 0 0 230 0 27 0 0 0
2000-03-06 14:32:03 22 12848 0 0 230 0 28 0 0 0
2000-03-06 14:42:03 22 12848 0 0 230 0 27 0 0 0
2000-03-06 14:52:03 22 12848 0 0 230 0 28 0 0 0
2000-03-06 15:02:03 22 12848 0 0 230 0 29 0 0 0
2000-03-06 15:12:03 22 12848 0 0 230 0 28 0 0 0
2000-03-06 15:22:03 22 12848 0 0 230 0 28 0 0 0
2000-03-06 15:32:03 22 12848 0 0 230 0 28 0 0 0
2000-03-06 15:42:03 22 12848 0 0 230 0 28 0 0 0
2000-03-06 15:52:03 22 12848 0 110 230 0 29 0 55 0
2000-03-06 16:02:03 22 12848 0 1397 230 0 29 0 1078 0
2000-03-06 16:12:03 22 12848 0 7260 230 0 27 1 6721 3
2000-03-06 16:22:03 22 12848 0 12155 230 0 28 3 12364 4
2000-03-06 16:32:03 22 12848 0 13222 230 0 27 5 15543 8
2000-03-06 16:42:03 22 12848 0 13497 230 0 27 15 17798 18
2000-03-06 16:52:03 22 12848 0 13706 230 0 26 33 19459 36
2000-03-06 17:02:03 22 12848 0 13871 230 0 27 39 19679 42
2000-03-06 17:12:03 22 12793 0 13926 231 0 26 44 19789 46
2000-03-06 17:22:03 22 12738 0 13981 231 0 28 46 19844 49
2000-03-06 17:32:03 22 12738 0 13981 233 0 27 46 19844 49
2000-03-06 17:42:03 22 12738 0 13981 233 0 28 46 19789 49
2000-03-06 17:52:03 22 12738 0 13871 233 0 28 48 19734 50
2000-03-06 18:02:03 22 12738 0 13871 233 0 28 49 19679 51
2000-03-06 18:12:03 22 12793 0 13871 231 0 27 48 19624 51
2000-03-06 18:22:03 22 12793 0 13926 231 0 28 53 19679 56
2000-03-06 18:32:03 22 12793 0 14465 231 0 28 68 20053 74
2000-03-06 18:42:03 22 12793 0 14575 227 0 28 91 20372 98
2000-03-06 18:52:03 22 13013 0 14894 0 0 26 118 20647 126
2000-03-06 19:02:03 22 13068 0 15059 0 0 28 146 20856 159
2000-03-06 19:12:03 22 13123 0 15213 0 0 28 181 21021 196
2000-03-06 19:22:03 22 13167 0 15378 0 0 28 216 21131 233
2000-03-06 19:32:03 22 13222 0 15433 0 0 27 253 21131 273
2000-03-06 19:42:03 22 13277 0 15587 0 0 28 293 21241 313
2000-03-06 19:52:03 22 13332 0 15697 0 0 28 329 21285 354
2000-03-06 20:02:03 22 13387 0 15807 0 0 26 365 21450 393
2000-03-06 20:12:03 22 13442 0 15752 0 0 26 404 21450 432
2000-03-06 20:22:03 22 13442 0 15862 0 0 27 436 21450 470
2000-03-06 20:32:03 22 13497 0 15807 0 0 27 469 21395 508
2000-03-06 20:42:03 22 13222 0 20757 0 0 27 53 21340 545
2000-03-06 20:52:03 22 13497 0 16401 0 0 27 483 21340 579
2000-03-06 21:02:03 22 13552 0 16291 0 0 27 531 21340 612
2000-03-06 21:12:03 22 13607 0 15972 0 0 26 590 21285 644
2000-03-06 21:22:03 22 13552 0 16830 0 0 28 535 21340 673
2000-03-06 21:32:03 22 13607 0 16236 0 0 27 630 21395 701
2000-03-06 21:42:03 22 13651 0 16126 0 0 26 668 21450 728
2000-03-06 21:52:03 22 13651 0 16346 0 0 27 672 21395 753
2000-03-06 22:02:03 22 13706 0 16027 0 0 27 707 21395 773
2000-03-06 22:12:03 22 13706 0 15917 0 0 27 731 21285 793
2000-03-06 22:22:03 22 13706 0 16027 0 0 27 739 21395 810
2000-03-06 22:32:03 22 13761 0 16126 0 0 28 755 21505 826
2000-03-06 22:42:03 22 13816 0 16181 0 0 27 774 21450 841
2000-03-06 22:52:03 22 13816 0 16401 0 0 27 773 21560 846
2000-03-06 23:02:03 22 13816 0 16291 0 0 28 775 21450 852
2000-03-06 23:12:03 22 13816 0 16401 0 0 27 768 21450 855
2000-03-06 23:22:03 22 13816 0 16291 0 0 26 776 21395 855
2000-03-06 23:32:03 22 13816 0 16291 0 0 28 789 21450 859
2000-03-06 23:42:03 22 13761 0 15752 0 0 28 821 21450 859
2000-03-06 23:52:03 22 13761 0 16071 0 0 28 792 21505 855
