Time ID V1 V2 V3 I1 I2 I3 I4 O1 O2
2000-02-03 00:02:03 22 13387 5307 15642 0 0 28 259 21340 278
2000-02-03 00:12:03 22 13497 5307 16181 0 0 28 443 21824 485
2000-02-03 00:22:03 22 13442 5307 16181 0 0 27 368 21560 389
2000-02-03 00:32:03 22 13552 5307 15917 0 0 27 474 21505 486
2000-02-03 00:42:03 22 13387 5307 15752 0 0 26 243 21285 255
2000-02-03 00:52:03 22 13332 5307 15642 0 0 28 233 21285 249
2000-02-03 01:02:03 22 13651 5307 16500 0 0 27 630 22154 765
2000-02-03 01:12:03 22 13552 5307 16027 0 0 27 494 21241 501
2000-02-03 01:22:03 22 13497 5307 16071 0 0 28 413 21560 423
2000-02-03 01:32:03 22 13387 5307 16830 0 0 27 253 21395 334
2000-02-03 01:42:03 22 13442 5307 15862 0 0 28 342 21241 342
2000-02-03 01:52:03 22 13277 5307 15268 0 0 28 127 20647 139
2000-02-03 02:02:03 22 13332 5307 15433 0 0 27 152 20966 165
2000-02-03 02:12:03 22 13387 5307 15807 0 0 28 228 21505 278
2000-02-03 02:22:03 22 13332 5307 15697 0 0 28 150 21021 177
2000-02-03 02:32:03 22 13277 5307 15213 0 0 28 114 20592 117
2000-02-03 02:42:03 22 13277 5307 14784 0 0 28 82 20218 86
2000-02-03 02:52:03 22 13222 5307 14190 0 0 28 58 19679 61
2000-02-03 03:02:03 22 13222 5307 13981 0 0 26 30 18491 34
2000-02-03 03:12:03 22 13167 5307 13816 0 0 27 14 17094 18
2000-02-03 03:22:03 22 13167 5307 13497 0 0 27 4 14300 7
2000-02-03 03:32:03 22 13167 5307 10802 0 0 28 2 10164 4
2000-02-03 03:42:03 22 13167 5307 3707 0 0 28 0 2739 1
2000-02-03 03:52:03 22 13167 5307 374 -1 0 28 0 264 0
2000-02-03 04:02:03 22 13013 5307 0 187 0 28 0 0 0
2000-02-03 04:12:03 22 12848 5246 0 399 0 28 0 0 0
2000-02-03 04:22:03 22 12848 5246 0 399 0 28 0 0 0
2000-02-03 04:32:03 22 12793 5246 0 399 0 28 0 0 0
2000-02-03 04:42:03 22 12848 5246 0 303 0 28 0 0 0
2000-02-03 04:52:03 22 12903 5246 0 229 0 28 0 0 0
2000-02-03 05:02:03 22 12903 5246 0 229 0 28 0 0 0
2000-02-03 05:12:03 22 12903 5246 0 229 0 28 0 0 0
2000-02-03 05:22:03 22 12903 5246 0 229 0 28 0 0 0
2000-02-03 05:32:03 22 12903 5246 0 229 0 28 0 0 0
2000-02-03 05:42:03 22 12903 5246 0 229 0 28 0 0 0
2000-02-03 05:52:03 22 12903 5246 0 229 0 28 0 0 0
2000-02-03 06:02:03 22 12903 5246 0 229 0 28 0 0 0
2000-02-03 06:12:03 22 12848 5246 0 230 0 28 0 0 0
2000-02-03 06:22:03 22 12848 5246 0 230 0 28 0 0 0
2000-02-03 06:32:03 22 12848 5246 0 230 0 26 0 0 0
2000-02-03 06:42:03 22 12848 5246 0 230 0 28 0 0 0
2000-02-03 06:52:03 22 12848 5246 0 184 0 27 0 0 0
2000-02-03 07:02:03 22 13013 5307 0 0 0 27 0 0 0
2000-02-03 07:12:03 22 13013 5307 0 0 0 26 0 0 0
2000-02-03 07:22:03 22 13013 5307 0 0 0 28 0 0 0
2000-02-03 07:32:03 22 13013 5307 0 0 0 28 0 0 0
2000-02-03 07:42:03 22 13013 5307 0 0 0 28 0 0 0
2000-02-03 07:52:03 22 13013 5307 0 0 0 27 0 0 0
2000-02-03 08:02:03 22 13013 5307 0 0 0 26 0 0 0
2000-02-03 08:12:03 22 13013 5307 0 0 0 28 0 0 0
2000-02-03 08:22:03 22 13013 5307 0 0 0 27 0 0 0
2000-02-03 08:32:03 22 13013 5307 0 0 0 26 0 0 0
2000-02-03 08:42:03 22 13013 5307 0 0 0 26 0 0 0
2000-02-03 08:52:03 22 13013 5307 0 0 0 28 0 0 0
2000-02-03 09:02:03 22 13013 5307 0 0 0 28 0 0 0
2000-02-03 09:12:03 22 13013 5307 0 0 0 28 0 0 0
2000-02-03 09:22:03 22 13013 5307 0 0 0 27 0 0 0
2000-02-03 09:32:03 22 13013 5307 0 0 0 28 0 0 0
2000-02-03 09:42:03 22 13013 5307 0 0 0 28 0 0 0
2000-02-03 09:52:03 22 13013 5307 0 0 0 28 0 0 0
2000-02-03 10:02:03 22 13013 5307 0 0 0 28 0 0 0
2000-02-03 10:12:03 22 13013 5307 0 0 0 27 0 0 0
2000-02-03 10:22:03 22 13013 5307 0 0 0 28 0 0 0
2000-02-03 10:32:03 22 13013 5307 0 0 0 28 0 0 0
2000-02-03 10:42:03 22 13013 5307 0 0 0 28 0 0 0
2000-02-03 10:52:03 22 13013 5307 0 0 0 28 0 0 0
2000-02-03 11:02:03 22 13013 5307 0 0 0 27 0 0 0
2000-02-03 11:12:03 22 13013 5307 0 0 0 28 0 0 0
2000-02-03 11:22:03 22 13013 5307 0 0 0 27 0 0 0
2000-02-03 11:32:03 22 13013 5307 0 0 0 27 0 0 0
2000-02-03 11:42:03 22 13013 5307 0 0 0 28 0 0 0
2000-02-03 11:52:03 22 13013 5307 0 0 0 27 0 0 0
2000-02-03 12:02:03 22 13013 5307 0 0 0 26 0 0 0
2000-02-03 12:12:03 22 13013 5307 0 0 0 28 0 0 0
2000-02-03 12:22:03 22 13013 5307 0 0 0 28 0 0 0
2000-02-03 12:32:03 22 13013 5307 0 0 0 28 0 0 0
2000-02-03 12:42:03 22 13013 5307 0 0 0 28 0 0 0
2000-02-03 12:52:03 22 12958 5307 0 0 0 28 0 0 0
2000-02-03 13:02:03 22 12958 5307 0 0 0 28 0 0 0
2000-02-03 13:12:03 22 12958 5307 0 0 0 28 0 0 0
2000-02-03 13:22:03 22 12958 5307 0 0 0 27 0 0 0
2000-02-03 13:32:03 22 12958 5307 0 0 0 28 0 0 0
2000-02-03 13:42:03 22 12958 5307 0 0 0 27 0 0 0
2000-02-03 13:52:03 22 12958 5307 0 0 0 29 0 0 0
2000-02-03 14:02:03 22 12958 5307 0 0 0 27 0 0 0
2000-02-03 14:12:03 22 12958 5307 0 0 0 28 0 0 0
2000-02-03 14:22:03 22 12958 5307 0 0 0 28 0 0 0
2000-02-03 14:32:03 22 12958 5307 0 0 0 27 0 0 0
2000-02-03 14:42:03 22 12958 5307 0 0 0 28 0 0 0
2000-02-03 14:52:03 22 12958 5307 0 0 0 28 0 0 0
2000-02-03 15:02:03 22 12958 5307 0 0 0 28 0 0 0
2000-02-03 15:12:03 22 12958 5307 0 0 0 28 0 0 0
2000-02-03 15:22:03 22 12958 5307 0 0 0 28 0 0 0
2000-02-03 15:32:03 22 12958 5307 0 0 0 28 0 0 0
2000-02-03 15:42:03 22 12958 5307 0 0 0 28 0 0 0
2000-02-03 15:52:03 22 12958 5307 110 0 0 27 0 110 0
2000-02-03 16:02:03 22 12958 5307 2200 0 0 27 0 1826 1
2000-02-03 16:12:03 22 12958 5307 9196 0 0 28 2 8767 3
2000-02-03 16:22:03 22 12958 5307 12903 0 0 26 4 13651 7
2000-02-03 16:32:03 22 12958 5307 13816 0 0 28 10 16720 13
2000-02-03 16:42:03 22 12958 5307 13607 0 0 27 19 17908 22
2000-02-03 16:52:03 22 12958 5307 14410 0 0 27 19 18172 25
2000-02-03 17:02:03 22 13013 5307 13926 0 0 27 41 19250 46
2000-02-03 17:12:03 22 13013 5307 14135 0 0 27 52 19624 57
2000-02-03 17:22:03 22 13013 5307 14355 0 0 27 69 20053 75
2000-02-03 17:32:03 22 13013 5002 14465 0 65 26 85 20328 92
2000-02-03 17:42:03 22 13068 5002 15213 0 56 27 106 20647 116
2000-02-03 17:52:03 22 13068 5002 15004 0 78 26 99 20537 110
2000-02-03 18:02:03 22 13068 5002 15103 0 88 27 151 20966 161
2000-02-03 18:12:03 22 13123 5002 15378 0 73 27 171 21076 180
2000-02-03 18:22:03 22 13167 5002 15158 0 37 27 169 21021 180
2000-02-03 18:32:03 22 13277 5307 15917 0 0 27 229 21395 266
2000-02-03 18:42:03 22 13332 5185 16665 0 170 27 360 21670 423
2000-02-03 18:52:03 22 13332 4941 15862 0 422 27 421 21560 443
2000-02-03 19:02:03 22 13277 4941 15862 0 430 28 382 21450 411
2000-02-03 19:12:03 22 13277 4941 15697 0 433 28 373 21560 428
2000-02-03 19:22:03 22 13387 4941 15917 0 433 27 501 21615 530
2000-02-03 19:32:03 22 13497 4941 16126 0 433 27 564 21615 610
2000-02-03 19:42:03 22 13607 5063 16126 0 289 28 664 21560 681
2000-02-03 19:52:03 22 13651 5307 17094 0 0 28 664 21725 791
2000-02-03 20:02:03 22 13442 4941 16456 0 427 27 468 21505 559
2000-02-03 20:12:03 22 13607 4941 16236 0 362 27 717 21824 795
2000-02-03 20:22:03 22 13651 4941 16071 0 342 27 783 21670 836
2000-02-03 20:32:03 22 13651 4941 16071 0 343 28 804 21615 865
2000-02-03 20:42:03 22 13706 5002 15972 0 343 27 851 21615 907
2000-02-03 20:52:03 22 13706 5002 15972 0 343 28 868 21560 929
2000-02-03 21:02:03 22 13706 5002 16665 0 343 27 847 21725 963
2000-02-03 21:12:03 22 13706 5002 16401 0 343 27 904 21670 997
2000-02-03 21:22:03 22 13761 5002 16555 0 343 27 900 21670 983
2000-02-03 21:32:03 22 13761 5002 16027 0 343 28 914 21615 917
2000-02-03 21:42:03 22 13761 5246 17039 0 69 28 832 21670 935
2000-02-03 21:52:03 22 13816 5307 16665 0 0 29 934 21934 1094
2000-02-03 22:02:03 22 13816 5307 16940 0 0 27 904 21725 1081
2000-02-03 22:12:03 22 13871 5307 16401 0 0 28 1017 21670 1105
2000-02-03 22:22:03 22 13871 5307 16500 0 0 28 1004 21560 1124
2000-02-03 22:32:03 22 13926 5307 16665 0 0 27 1019 21615 1152
2000-02-03 22:42:03 22 13926 5307 16401 0 0 28 1072 21670 1172
2000-02-03 22:52:03 22 13981 5307 16610 0 0 27 1083 21725 1208
2000-02-03 23:02:03 22 13926 5307 16610 0 0 27 997 21670 1119
2000-02-03 23:12:03 22 13926 5307 16665 0 0 28 964 21725 1088
2000-02-03 23:22:03 22 13926 5307 16775 3 0 28 982 21725 1118
2000-02-03 23:32:03 22 13981 5307 16456 0 0 27 1017 21670 1107
2000-02-03 23:42:03 22 13706 5307 16291 0 0 27 572 21395 639
2000-02-03 23:52:03 22 13607 5307 18821 0 0 27 370 21505 574
