Time ID V1 V2 V3 I1 I2 I3 I4 O1 O2
2000-02-17 00:02:03 22 14300 0 20757 0 0 28 193 21241 1012
2000-02-17 00:12:03 22 14300 0 20757 0 0 27 191 21186 1000
2000-02-17 00:22:03 22 14410 0 21021 0 0 26 65 21186 976
2000-02-17 00:32:03 22 14410 0 21131 0 0 27 32 21241 951
2000-02-17 00:42:03 22 14410 0 21186 0 0 28 32 21285 923
2000-02-17 00:52:03 22 14410 0 21241 0 0 27 32 21340 898
2000-02-17 01:02:03 22 14410 0 21395 0 0 27 33 21450 864
2000-02-17 01:12:03 22 14410 0 21241 0 0 27 32 21340 827
2000-02-17 01:22:03 22 14410 0 21395 0 0 28 32 21505 788
2000-02-17 01:32:03 22 14355 0 21186 0 0 28 124 21560 751
2000-02-17 01:42:03 22 14300 0 21076 0 0 27 161 21505 711
2000-02-17 01:52:03 22 14300 0 20966 0 0 28 168 21505 659
2000-02-17 02:02:03 22 14300 0 20911 0 0 28 172 21505 610
2000-02-17 02:12:03 22 14300 0 20911 0 0 28 168 21560 530
2000-02-17 02:22:03 22 14300 0 20801 0 0 28 165 21505 483
2000-02-17 02:32:03 22 14300 0 20647 0 0 28 173 21450 413
2000-02-17 02:42:03 22 13761 0 15213 0 0 28 64 18766 76
2000-02-17 02:52:03 22 13222 0 13926 0 0 28 26 18172 30
2000-02-17 03:02:03 22 13167 0 13871 0 0 27 20 17798 24
2000-02-17 03:12:03 22 13167 0 13706 0 0 28 14 17094 18
2000-02-17 03:22:03 22 13167 0 13442 0 0 27 7 15543 11
2000-02-17 03:32:03 22 13167 0 12584 0 0 28 3 12529 5
2000-02-17 03:42:03 22 13222 0 8063 0 0 26 1 7040 3
2000-02-17 03:52:03 22 13222 0 1342 80 0 28 0 858 0
2000-02-17 04:02:03 22 13123 0 110 226 0 28 0 55 0
2000-02-17 04:12:03 22 13013 0 0 361 0 28 0 0 0
2000-02-17 04:22:03 22 13013 0 0 397 0 27 0 0 0
2000-02-17 04:32:03 22 13013 0 0 399 0 27 0 0 0
2000-02-17 04:42:03 22 13013 0 0 398 0 29 0 0 0
2000-02-17 04:52:03 22 13068 0 0 345 0 28 0 0 0
2000-02-17 05:02:03 22 13123 0 0 226 0 28 0 0 0
2000-02-17 05:12:03 22 13123 0 0 227 0 27 0 0 0
2000-02-17 05:22:03 22 13123 0 0 226 0 27 0 0 0
2000-02-17 05:32:03 22 13123 0 0 226 0 27 0 0 0
2000-02-17 05:42:03 22 13123 0 0 226 0 27 0 0 0
2000-02-17 05:52:03 22 13123 0 0 226 0 27 0 0 0
2000-02-17 06:02:03 22 13123 0 0 211 0 26 0 0 0
2000-02-17 06:12:03 22 13222 0 0 0 0 27 0 0 0
2000-02-17 06:22:03 22 13277 0 0 0 0 26 0 0 0
2000-02-17 06:32:03 22 13222 0 0 84 0 27 0 0 0
2000-02-17 06:42:03 22 13277 0 0 0 0 27 0 0 0
2000-02-17 06:52:03 22 13277 0 0 0 0 28 0 0 0
2000-02-17 07:02:03 22 13277 0 0 0 0 27 0 0 0
2000-02-17 07:12:03 22 13277 0 0 0 0 27 0 0 0
2000-02-17 07:22:03 22 13277 0 0 0 0 28 0 0 0
2000-02-17 07:32:03 22 13277 0 0 0 0 27 0 0 0
2000-02-17 07:42:03 22 13277 0 0 0 0 28 0 0 0
2000-02-17 07:52:03 22 13277 0 0 0 0 27 0 0 0
2000-02-17 08:02:03 22 13277 0 0 0 0 27 0 0 0
2000-02-17 08:12:03 22 13277 0 0 0 0 27 0 0 0
2000-02-17 08:22:03 22 13277 0 0 0 0 26 0 0 0
2000-02-17 08:32:03 22 13277 0 0 0 0 27 0 0 0
2000-02-17 08:42:03 22 13277 0 0 0 0 27 0 0 0
2000-02-17 08:52:03 22 13277 0 0 0 0 27 0 0 0
2000-02-17 09:02:03 22 13277 0 0 0 0 27 0 0 0
2000-02-17 09:12:03 22 13277 0 0 0 0 27 0 0 0
2000-02-17 09:22:03 22 13277 0 0 0 0 26 0 0 0
2000-02-17 09:32:03 22 13277 0 0 0 0 28 0 0 0
2000-02-17 09:42:03 22 13277 0 0 0 0 27 0 0 0
2000-02-17 09:52:03 22 13277 0 0 0 0 26 0 0 0
2000-02-17 10:02:03 22 13277 0 0 0 0 27 0 0 0
2000-02-17 10:12:03 22 13277 0 0 0 0 26 0 0 0
2000-02-17 10:22:03 22 13277 0 0 0 0 27 0 0 0
2000-02-17 10:32:03 22 13277 0 0 0 0 27 0 0 0
2000-02-17 10:42:03 22 13277 0 0 0 0 27 0 0 0
2000-02-17 10:52:03 22 13277 0 0 0 0 27 0 0 0
2000-02-17 11:02:03 22 13222 0 0 0 0 28 0 0 0
2000-02-17 11:12:03 22 13222 0 0 0 0 27 0 0 0
2000-02-17 11:22:03 22 13222 0 0 0 0 27 0 0 0
2000-02-17 11:32:03 22 13222 0 0 0 0 27 0 0 0
2000-02-17 11:42:03 22 13222 0 0 0 0 28 0 0 0
2000-02-17 11:52:03 22 13222 0 0 0 0 27 0 0 0
2000-02-17 12:02:03 22 13222 0 0 0 0 27 0 0 0
2000-02-17 12:12:03 22 13222 0 0 0 0 28 0 0 0
2000-02-17 12:22:03 22 13222 0 0 0 0 26 0 0 0
2000-02-17 12:32:03 22 13222 0 0 0 0 27 0 0 0
2000-02-17 12:42:03 22 13222 0 0 0 0 28 0 0 0
2000-02-17 12:52:03 22 13222 0 0 0 0 28 0 0 0
2000-02-17 13:02:03 22 13222 0 0 0 0 28 0 0 0
2000-02-17 13:12:03 22 13222 0 0 0 0 29 0 0 0
2000-02-17 13:22:03 22 13222 0 0 0 0 28 0 0 0
2000-02-17 13:32:03 22 13222 0 0 0 0 29 0 0 0
2000-02-17 13:42:03 22 13222 0 0 0 0 28 0 0 0
2000-02-17 13:52:03 22 13222 0 0 0 0 28 0 0 0
2000-02-17 14:02:03 22 13222 0 0 0 0 28 0 0 0
2000-02-17 14:12:03 22 13222 0 0 0 0 28 0 0 0
2000-02-17 14:22:03 22 13222 0 0 0 0 27 0 0 0
2000-02-17 14:32:03 22 13222 0 0 0 0 26 0 0 0
2000-02-17 14:42:03 22 13222 0 0 0 0 26 0 0 0
2000-02-17 14:52:03 22 13222 0 0 0 0 27 0 0 0
2000-02-17 15:02:03 22 13123 0 0 122 0 28 0 0 0
2000-02-17 15:12:03 22 13013 0 0 229 0 27 0 0 0
2000-02-17 15:22:03 22 13013 0 0 228 0 27 0 0 0
2000-02-17 15:32:03 22 13013 0 0 228 0 28 0 0 0
2000-02-17 15:42:03 22 13123 0 0 76 0 27 0 0 0
2000-02-17 15:52:03 22 13222 0 165 0 0 28 0 110 0
2000-02-17 16:02:03 22 13222 0 2310 0 0 29 0 1936 1
2000-02-17 16:12:03 22 13222 0 9251 0 0 27 2 8866 3
2000-02-17 16:22:03 22 13222 0 13123 0 0 29 3 13706 6
2000-02-17 16:32:03 22 13222 0 14355 0 0 28 7 16500 12
2000-02-17 16:42:03 22 13167 0 13816 0 0 27 17 18062 22
2000-02-17 16:52:03 22 13123 0 13871 0 0 29 29 18920 33
2000-02-17 17:02:03 22 13068 0 13871 0 0 28 33 19085 36
2000-02-17 17:12:03 22 13068 0 13871 0 0 28 36 19250 40
2000-02-17 17:22:03 22 13123 0 14036 0 0 28 49 19789 53
2000-02-17 17:32:03 22 13123 0 14465 0 0 26 68 20218 74
2000-02-17 17:42:03 22 13167 0 15059 0 0 27 93 20537 101
2000-02-17 17:52:03 22 13332 0 15213 0 0 27 123 20801 132
2000-02-17 18:02:03 22 13387 0 15433 0 0 28 155 21021 169
2000-02-17 18:12:03 22 13387 0 15587 0 0 27 192 21186 210
2000-02-17 18:22:03 22 13442 0 15587 0 0 28 233 21285 253
2000-02-17 18:32:03 22 13442 0 15807 0 0 28 276 21395 298
2000-02-17 18:42:03 22 13387 0 15752 0 0 26 322 21450 344
2000-02-17 18:52:03 22 13442 0 15807 0 0 28 367 21560 390
2000-02-17 19:02:03 22 13497 0 15862 0 0 28 407 21560 435
2000-02-17 19:12:03 22 13607 0 16126 0 0 28 446 21615 481
2000-02-17 19:22:03 22 13706 0 16401 0 0 27 479 21670 524
2000-02-17 19:32:03 22 13706 0 16291 0 0 28 517 21670 568
2000-02-17 19:42:03 22 13761 0 16126 0 0 28 567 21670 610
2000-02-17 19:52:03 22 13761 0 16401 0 0 27 592 21670 651
2000-02-17 20:02:03 22 13816 0 16720 0 0 26 611 21670 691
2000-02-17 20:12:03 22 13816 0 16456 0 0 29 666 21670 728
2000-02-17 20:22:03 22 13816 0 16665 0 0 28 671 21615 762
2000-02-17 20:32:03 22 13871 0 16610 0 0 27 723 21725 790
2000-02-17 20:42:03 22 13871 0 16610 0 0 27 729 21725 821
2000-02-17 20:52:03 22 13871 0 16940 0 0 28 702 21670 851
2000-02-17 21:02:03 22 13926 0 17204 0 0 29 705 21725 879
2000-02-17 21:12:03 22 13706 0 18975 0 0 28 409 21505 907
2000-02-17 21:22:03 22 14245 0 19360 0 0 28 496 21560 927
2000-02-17 21:32:03 22 14410 0 21241 0 0 28 91 21450 950
2000-02-17 21:42:03 22 14410 0 21241 0 0 27 49 21340 974
2000-02-17 21:52:03 22 14410 0 21186 0 0 28 36 21285 996
2000-02-17 22:02:03 22 14410 0 21186 0 0 26 34 21285 1010
2000-02-17 22:12:03 22 14410 0 21131 0 0 27 34 21241 1026
2000-02-17 22:22:03 22 14410 0 21241 0 0 28 34 21340 1037
2000-02-17 22:32:03 22 14410 0 21131 0 0 28 33 21241 1044
2000-02-17 22:42:03 22 14355 0 21076 0 0 28 79 21285 1045
2000-02-17 22:52:03 22 14300 0 20966 0 0 28 166 21340 1048
2000-02-17 23:02:03 22 14300 0 20911 0 0 28 163 21285 1050
2000-02-17 23:12:03 22 14300 0 20966 0 0 26 180 21395 1049
2000-02-17 23:22:03 22 14300 0 20911 0 0 28 163 21285 1040
2000-02-17 23:32:03 22 14300 0 21021 0 0 28 166 21395 1032
2000-02-17 23:42:03 22 14300 0 20966 0 0 28 163 21340 1023
2000-02-17 23:52:03 22 14300 0 20966 0 0 27 156 21340 1008
