Time ID V1 V2 V3 I1 I2 I3 I4 O1 O2
2000-03-09 00:02:03 22 14300 0 20427 0 0 29 166 20856 1012
2000-03-09 00:12:03 22 14300 0 20482 0 0 28 170 20911 989
2000-03-09 00:22:03 22 14300 0 20427 0 0 29 174 20856 975
2000-03-09 00:32:03 22 14300 0 20427 0 0 27 174 20911 950
2000-03-09 00:42:03 22 14300 0 20702 0 0 28 164 21131 923
2000-03-09 00:52:03 22 14300 0 20537 0 0 28 176 20966 901
2000-03-09 01:02:03 22 14300 0 20427 0 0 27 179 20911 875
2000-03-09 01:12:03 22 14300 0 20537 0 0 28 170 21021 844
2000-03-09 01:22:03 22 14300 0 20757 0 0 26 169 21186 806
2000-03-09 01:32:03 22 14300 0 20537 0 0 27 172 21021 770
2000-03-09 01:42:03 22 14300 0 20537 0 0 27 170 21076 726
2000-03-09 01:52:03 22 14300 0 20537 0 0 27 168 21076 678
2000-03-09 02:02:03 22 14300 0 20537 0 0 28 157 21076 637
2000-03-09 02:12:03 22 14300 0 20427 0 0 27 170 21076 585
2000-03-09 02:22:03 22 14300 0 20592 0 0 28 172 21285 490
2000-03-09 02:32:03 22 14300 0 20537 0 0 28 180 21340 466
2000-03-09 02:42:03 22 14135 0 18007 0 0 28 129 19943 234
2000-03-09 02:52:03 22 13277 0 14091 23 0 28 28 18117 32
2000-03-09 03:02:03 22 13167 0 13816 0 0 28 22 17853 26
2000-03-09 03:12:03 22 13167 0 13816 0 0 28 17 17369 20
2000-03-09 03:22:03 22 13167 0 13706 0 0 27 10 16401 14
2000-03-09 03:32:03 22 13222 0 13167 0 0 27 4 14190 7
2000-03-09 03:42:03 22 13167 0 11077 0 0 28 3 10483 4
2000-03-09 03:52:03 22 13277 0 3982 0 0 27 0 3014 1
2000-03-09 04:02:03 22 13277 0 429 0 0 28 0 319 0
2000-03-09 04:12:03 22 13167 0 55 142 0 26 0 0 0
2000-03-09 04:22:03 22 13167 0 0 164 0 28 0 0 0
2000-03-09 04:32:03 22 13123 0 0 172 0 28 0 0 0
2000-03-09 04:42:03 22 13068 0 0 302 0 28 0 0 0
2000-03-09 04:52:03 22 13123 0 0 226 0 28 0 0 0
2000-03-09 05:02:03 22 13123 0 0 225 0 26 0 0 0
2000-03-09 05:12:03 22 13123 0 0 225 0 28 0 0 0
2000-03-09 05:22:03 22 13123 0 0 225 0 28 0 0 0
2000-03-09 05:32:03 22 13123 0 0 225 0 28 0 0 0
2000-03-09 05:42:03 22 13123 0 0 225 0 28 0 0 0
2000-03-09 05:52:03 22 13123 0 0 225 0 27 0 0 0
2000-03-09 06:02:03 22 13123 0 0 225 0 28 0 0 0
2000-03-09 06:12:03 22 13123 0 0 226 0 26 0 0 0
2000-03-09 06:22:03 22 13123 0 0 226 0 28 0 0 0
2000-03-09 06:32:03 22 13123 0 0 226 0 26 0 0 0
2000-03-09 06:42:03 22 13123 0 0 226 0 27 0 0 0
2000-03-09 06:52:03 22 13068 0 0 226 0 28 0 0 0
2000-03-09 07:02:03 22 13068 0 0 226 0 28 0 0 0
2000-03-09 07:12:03 22 13068 0 0 226 0 27 0 0 0
2000-03-09 07:22:03 22 13068 0 0 226 0 28 0 0 0
2000-03-09 07:32:03 22 13068 0 0 226 0 28 0 0 0
2000-03-09 07:42:03 22 13068 0 0 226 0 28 0 0 0
2000-03-09 07:52:03 22 13068 0 0 226 0 28 0 0 0
2000-03-09 08:02:03 22 13167 0 0 105 0 27 0 0 0
2000-03-09 08:12:03 22 13222 0 0 0 0 28 0 0 0
2000-03-09 08:22:03 22 13277 0 0 0 0 27 0 0 0
2000-03-09 08:32:03 22 13277 0 0 0 0 26 0 0 0
2000-03-09 08:42:03 22 13277 0 0 0 0 28 0 0 0
2000-03-09 08:52:03 22 13277 0 0 0 0 28 0 0 0
2000-03-09 09:02:03 22 13277 0 0 0 0 28 0 0 0
2000-03-09 09:12:03 22 13277 0 0 0 0 28 0 0 0
2000-03-09 09:22:03 22 13277 0 0 0 0 27 0 0 0
2000-03-09 09:32:03 22 13277 0 0 0 0 27 0 0 0
2000-03-09 09:42:03 22 13277 0 0 0 0 27 0 0 0
2000-03-09 09:52:03 22 13277 0 0 0 0 28 0 0 0
2000-03-09 10:02:03 22 13277 0 0 0 0 27 0 0 0
2000-03-09 10:12:03 22 13277 0 0 0 0 27 0 0 0
2000-03-09 10:22:03 22 13277 0 0 0 0 28 0 0 0
2000-03-09 10:32:03 22 13277 0 0 0 0 28 0 0 0
2000-03-09 10:42:03 22 13277 0 0 0 0 27 0 0 0
2000-03-09 10:52:03 22 13277 0 0 0 0 27 0 0 0
2000-03-09 11:02:03 22 13277 0 0 0 0 28 0 0 0
2000-03-09 11:12:03 22 13277 0 0 0 0 27 0 0 0
2000-03-09 11:22:03 22 13277 0 0 0 0 27 0 0 0
2000-03-09 11:32:03 22 13222 0 0 0 0 27 0 0 0
2000-03-09 11:42:03 22 13222 0 0 0 0 27 0 0 0
2000-03-09 11:52:03 22 13222 0 0 0 0 27 0 0 0
2000-03-09 12:02:03 22 13222 0 0 0 0 26 0 0 0
2000-03-09 12:12:03 22 13222 0 0 0 0 28 0 0 0
2000-03-09 12:22:03 22 13222 0 0 0 0 28 0 0 0
2000-03-09 12:32:03 22 13222 0 0 0 0 28 0 0 0
2000-03-09 12:42:03 22 13222 0 0 0 0 27 0 0 0
2000-03-09 12:52:03 22 13222 0 0 0 0 27 0 0 0
2000-03-09 13:02:03 22 13222 0 0 0 0 26 0 0 0
2000-03-09 13:12:03 22 13222 0 0 0 0 28 0 0 0
2000-03-09 13:22:03 22 13222 0 0 0 0 28 0 0 0
2000-03-09 13:32:03 22 13222 0 0 0 0 28 0 0 0
2000-03-09 13:42:03 22 13222 0 0 0 0 28 0 0 0
2000-03-09 13:52:03 22 13222 0 0 0 0 28 0 0 0
2000-03-09 14:02:03 22 13222 0 0 0 0 27 0 0 0
2000-03-09 14:12:03 22 13222 0 0 0 0 28 0 0 0
2000-03-09 14:22:03 22 13222 0 0 0 0 28 0 0 0
2000-03-09 14:32:03 22 13222 0 0 0 0 27 0 0 0
2000-03-09 14:42:03 22 13222 0 0 0 0 28 0 0 0
2000-03-09 14:52:03 22 13222 0 0 0 0 29 0 0 0
2000-03-09 15:02:03 22 13222 0 0 0 0 28 0 0 0
2000-03-09 15:12:03 22 13222 0 0 0 0 28 0 0 0
2000-03-09 15:22:03 22 13222 0 0 0 0 28 0 0 0
2000-03-09 15:32:03 22 13222 0 0 0 0 27 0 0 0
2000-03-09 15:42:03 22 13222 0 0 0 0 28 0 0 0
2000-03-09 15:52:03 22 13222 0 110 0 0 27 0 55 0
2000-03-09 16:02:03 22 13222 0 1507 0 0 28 0 1188 0
2000-03-09 16:12:03 22 13222 0 7854 0 0 28 1 7315 3
2000-03-09 16:22:03 22 13222 0 12683 0 0 27 3 12738 5
2000-03-09 16:32:03 22 13222 0 14091 0 0 28 5 15862 9
2000-03-09 16:42:03 22 13222 0 15213 0 0 28 11 17798 17
2000-03-09 16:52:03 22 13222 0 14135 0 0 28 25 19030 28
2000-03-09 17:02:03 22 13277 0 13981 0 0 28 30 19250 33
2000-03-09 17:12:03 22 13277 0 14091 0 0 28 33 19360 37
2000-03-09 17:22:03 22 13277 0 15642 0 0 28 27 19459 42
2000-03-09 17:32:03 22 13277 0 14410 0 0 26 54 19888 58
2000-03-09 17:42:03 22 13332 0 14729 0 0 28 75 20328 82
2000-03-09 17:52:03 22 13332 0 15213 0 0 27 101 20592 111
2000-03-09 18:02:03 22 13387 0 15488 0 0 28 132 20801 144
2000-03-09 18:12:03 22 13442 0 15488 0 0 28 165 20966 182
2000-03-09 18:22:03 22 13497 0 15543 0 0 26 203 21076 222
2000-03-09 18:32:03 22 13552 0 15752 0 0 28 241 21186 265
2000-03-09 18:42:03 22 13497 0 17468 0 0 27 195 21241 309
2000-03-09 18:52:03 22 13497 0 17468 0 0 27 231 21241 353
2000-03-09 19:02:03 22 13607 0 16236 0 0 27 352 21285 398
2000-03-09 19:12:03 22 13651 0 15862 0 0 28 407 21340 442
2000-03-09 19:22:03 22 13706 0 16291 0 0 27 436 21395 487
2000-03-09 19:32:03 22 13706 0 16126 0 0 28 479 21395 530
2000-03-09 19:42:03 22 13761 0 15972 0 0 27 527 21450 571
2000-03-09 19:52:03 22 13761 0 16181 0 0 27 553 21450 613
2000-03-09 20:02:03 22 13761 0 16665 0 0 28 529 21285 653
2000-03-09 20:12:03 22 13816 0 16346 0 0 28 619 21241 692
2000-03-09 20:22:03 22 13816 0 16346 0 0 26 648 21241 730
2000-03-09 20:32:03 22 13816 0 16720 0 0 28 611 21186 766
2000-03-09 20:42:03 22 13871 0 16236 0 0 28 708 21241 798
2000-03-09 20:52:03 22 13871 0 16500 0 0 28 685 21241 830
2000-03-09 21:02:03 22 13981 0 16456 0 0 26 732 21186 859
2000-03-09 21:12:03 22 14135 0 17369 0 0 28 655 21021 887
2000-03-09 21:22:03 22 14410 0 20647 0 0 27 127 21021 912
2000-03-09 21:32:03 22 14410 0 20856 0 0 28 57 20966 936
2000-03-09 21:42:03 22 14410 0 21021 0 0 27 41 21186 957
2000-03-09 21:52:03 22 14410 0 21021 0 0 28 36 21131 977
2000-03-09 22:02:03 22 14410 0 21021 0 0 28 34 21131 993
2000-03-09 22:12:03 22 14410 0 20966 0 0 27 34 21076 1009
2000-03-09 22:22:03 22 14410 0 20966 0 0 28 34 21076 1021
2000-03-09 22:32:03 22 14410 0 21021 0 0 28 34 21076 1030
2000-03-09 22:42:03 22 14410 0 20801 0 0 28 34 20911 1036
2000-03-09 22:52:03 22 14410 0 20966 0 0 28 33 21076 1039
2000-03-09 23:02:03 22 14410 0 21021 0 0 28 34 21131 1037
2000-03-09 23:12:03 22 14300 0 20702 0 0 28 161 21076 1034
2000-03-09 23:22:03 22 14300 0 20757 0 0 27 140 21076 1031
2000-03-09 23:32:03 22 14300 0 20702 0 0 27 132 21021 1025
2000-03-09 23:42:03 22 14410 0 21021 0 0 27 41 21131 1014
2000-03-09 23:52:03 22 14300 0 20647 0 0 28 158 21021 1001
