Time ID V1 V2 V3 I1 I2 I3 I4 O1 O2
2000-01-27 00:01:31 22 14300 4941 20856 0 390 28 166 21285 1049
2000-01-27 00:11:31 22 14355 5002 20801 0 180 27 111 21021 1028
2000-01-27 00:21:31 22 14355 5002 20592 0 93 26 84 20801 999
2000-01-27 00:31:31 22 14355 5002 20647 0 87 26 80 20856 970
2000-01-27 00:41:31 22 14355 5002 20647 0 80 27 80 20856 935
2000-01-27 00:51:31 22 14355 5002 20757 0 72 27 75 20966 902
2000-01-27 01:01:31 22 14355 5002 20801 0 46 27 61 20966 867
2000-01-27 01:11:31 22 14355 5002 20911 0 60 26 66 21131 829
2000-01-27 01:21:31 22 14410 5246 20856 0 23 26 43 21021 788
2000-01-27 01:31:31 22 14410 5307 20911 0 0 27 32 20966 744
2000-01-27 01:41:31 22 14410 5307 20856 0 0 26 33 20966 700
2000-01-27 01:51:31 22 14410 5307 20911 0 0 27 32 21021 646
2000-01-27 02:01:31 22 14410 5307 20856 0 0 26 33 20966 565
2000-01-27 02:11:31 22 14410 5307 20702 0 0 27 32 20801 232
2000-01-27 02:21:31 22 14410 5307 18172 0 0 27 36 19459 92
2000-01-27 02:31:31 22 14410 5307 16346 0 0 26 37 18601 51
2000-01-27 02:41:31 22 14300 5307 15103 0 0 26 30 18227 36
2000-01-27 02:51:31 22 14135 5307 14839 0 0 27 24 18007 30
2000-01-27 03:01:31 22 13981 5307 14674 0 0 27 20 17688 25
2000-01-27 03:11:31 22 13761 5307 14410 0 0 27 15 17149 19
2000-01-27 03:21:31 22 13651 5307 14355 0 0 27 8 16071 13
2000-01-27 03:31:31 22 13497 5307 13277 0 0 27 3 13332 6
2000-01-27 03:41:31 22 13442 5307 9515 0 0 27 2 8712 3
2000-01-27 03:51:31 22 13387 5307 2046 14 0 28 0 1397 0
2000-01-27 04:01:31 22 13167 5307 220 165 0 28 0 110 0
2000-01-27 04:11:31 22 13123 5307 0 164 0 26 0 0 0
2000-01-27 04:21:31 22 13123 5307 0 164 0 27 0 0 0
2000-01-27 04:31:31 22 13123 5307 0 195 0 27 0 0 0
2000-01-27 04:41:31 22 13013 5307 0 395 0 28 0 0 0
2000-01-27 04:51:31 22 13013 5307 0 394 0 27 0 0 0
2000-01-27 05:01:31 22 13013 5307 0 394 0 27 0 0 0
2000-01-27 05:11:31 22 13013 5307 0 393 0 27 0 0 0
2000-01-27 05:21:31 22 13013 5307 0 393 0 27 0 0 0
2000-01-27 05:31:31 22 13013 5307 0 393 0 28 0 0 0
2000-01-27 05:41:31 22 13013 5307 0 393 0 28 0 0 0
2000-01-27 05:51:31 22 13013 5307 0 393 0 26 0 0 0
2000-01-27 06:01:31 22 13123 5307 0 264 0 26 0 0 0
2000-01-27 06:11:31 22 13123 5307 0 225 0 27 0 0 0
2000-01-27 06:21:31 22 13123 5307 0 225 0 26 0 0 0
2000-01-27 06:31:31 22 13123 5307 0 225 0 27 0 0 0
2000-01-27 06:41:31 22 13123 5307 0 225 0 28 0 0 0
2000-01-27 06:51:31 22 13123 5307 0 225 0 27 0 0 0
2000-01-27 07:01:31 22 13123 5307 0 225 0 27 0 0 0
2000-01-27 07:11:31 22 13123 5307 0 225 0 27 0 0 0
2000-01-27 07:21:31 22 13123 5307 0 225 0 27 0 0 0
2000-01-27 07:31:31 22 13123 5307 0 225 0 27 0 0 0
2000-01-27 07:41:31 22 13068 5307 0 225 0 27 0 0 0
2000-01-27 07:51:31 22 13068 5307 0 225 0 27 0 0 0
2000-01-27 08:01:31 22 13068 5307 0 225 0 28 0 0 0
2000-01-27 08:11:31 22 13068 5307 0 225 0 27 0 0 0
2000-01-27 08:21:31 22 13068 5307 0 226 0 28 0 0 0
2000-01-27 08:31:31 22 13068 5307 0 226 0 26 0 0 0
2000-01-27 08:41:31 22 13068 5307 0 226 0 28 0 0 0
2000-01-27 08:51:31 22 13068 5307 0 226 0 28 0 0 0
2000-01-27 09:01:31 22 13068 5307 0 226 0 27 0 0 0
2000-01-27 09:11:31 22 13068 5307 0 226 0 27 0 0 0
2000-01-27 09:21:31 22 13068 5307 0 226 0 27 0 0 0
2000-01-27 09:31:31 22 13068 5307 0 226 0 27 0 0 0
2000-01-27 09:41:31 22 13068 5307 0 226 0 28 0 0 0
2000-01-27 09:51:31 22 13068 5307 0 226 0 26 0 0 0
2000-01-27 10:01:31 22 13068 5307 0 226 0 28 0 0 0
2000-01-27 10:11:31 22 13068 5307 0 226 0 27 0 0 0
2000-01-27 10:21:31 22 13068 5307 0 226 0 27 0 0 0
2000-01-27 10:31:31 22 13013 5307 0 226 0 26 0 0 0
2000-01-27 10:41:31 22 13013 5307 0 226 0 27 0 0 0
2000-01-27 10:51:31 22 13013 5307 0 226 0 27 0 0 0
2000-01-27 11:01:31 22 13013 5307 0 226 0 27 0 0 0
2000-01-27 11:11:31 22 13013 5307 0 226 0 27 0 0 0
2000-01-27 11:21:31 22 13013 5307 0 227 0 27 0 0 0
2000-01-27 11:31:31 22 13013 5307 0 228 0 27 0 0 0
2000-01-27 11:41:31 22 13013 5246 0 228 0 26 0 0 0
2000-01-27 11:51:31 22 13013 5246 0 228 0 26 0 0 0
2000-01-27 12:01:31 22 13013 5246 0 228 0 27 0 0 0
2000-01-27 12:11:31 22 12958 5246 0 228 0 27 0 0 0
2000-01-27 12:21:31 22 12958 5246 0 228 0 26 0 0 0
2000-01-27 12:31:31 22 12958 5246 0 228 0 26 0 0 0
2000-01-27 12:41:31 22 13068 5307 0 95 0 27 0 0 0
2000-01-27 12:51:31 22 13167 5307 0 0 0 27 0 0 0
2000-01-27 13:01:31 22 13167 5307 0 0 0 26 0 0 0
2000-01-27 13:11:31 22 13167 5307 0 0 0 28 0 0 0
2000-01-27 13:21:31 22 13167 5307 0 0 0 28 0 0 0
2000-01-27 13:31:31 22 13167 5307 0 0 0 27 0 0 0
2000-01-27 13:41:31 22 13167 5307 0 0 0 26 0 0 0
2000-01-27 13:51:31 22 13167 5307 0 0 0 28 0 0 0
2000-01-27 14:01:31 22 13167 5307 0 0 0 27 0 0 0
2000-01-27 14:11:31 22 13167 5307 0 0 0 27 0 0 0
2000-01-27 14:21:31 22 13167 5307 0 0 0 27 0 0 0
2000-01-27 14:31:31 22 13167 5307 0 0 0 28 0 0 0
2000-01-27 14:41:31 22 13167 5307 0 0 0 27 0 0 0
2000-01-27 14:51:31 22 13167 5307 0 0 0 27 0 0 0
2000-01-27 15:01:31 22 13167 5307 0 0 0 28 0 0 0
2000-01-27 15:11:31 22 13167 5307 0 0 0 26 0 0 0
2000-01-27 15:21:31 22 13167 5307 0 0 0 27 0 0 0
2000-01-27 15:31:31 22 13167 5307 0 0 0 28 0 0 0
2000-01-27 15:41:31 22 13167 5307 220 0 0 27 0 165 0
2000-01-27 15:51:31 22 13167 5307 1562 0 0 27 0 1133 0
2000-01-27 16:01:31 22 13167 5307 8657 0 31 28 1 8382 3
2000-01-27 16:11:31 22 13068 4941 13068 0 291 28 5 14839 7
2000-01-27 16:21:31 22 13013 4941 13497 0 294 27 9 16775 13
2000-01-27 16:31:31 22 13013 4941 13706 0 336 28 25 18656 29
2000-01-27 16:41:31 22 13013 4941 13926 0 363 28 44 19514 48
2000-01-27 16:51:31 22 13013 4941 14410 0 361 28 68 20053 73
2000-01-27 17:01:31 22 13068 4941 14575 0 362 27 89 20372 96
2000-01-27 17:11:31 22 13068 4941 14784 0 350 27 103 20482 109
2000-01-27 17:21:31 22 13123 4941 14949 0 320 28 136 20801 145
2000-01-27 17:31:31 22 13167 4941 15268 0 319 26 186 21186 199
2000-01-27 17:41:31 22 13167 4941 15488 0 319 28 208 21241 224
2000-01-27 17:51:31 22 13222 4941 15488 0 324 27 257 21340 274
2000-01-27 18:01:31 22 13277 4941 15697 0 315 27 305 21395 322
2000-01-27 18:11:31 22 13387 4941 15807 0 323 27 339 21395 361
2000-01-27 18:21:31 22 13387 4941 15752 0 324 28 327 21340 347
2000-01-27 18:31:31 22 13442 4941 15862 0 319 28 378 21450 415
2000-01-27 18:41:31 22 13442 4941 15807 0 315 27 377 21395 404
2000-01-27 18:51:31 22 13497 4941 15917 -1 314 27 416 21615 449
2000-01-27 19:01:31 22 13607 4941 16291 0 297 27 540 21670 582
2000-01-27 19:11:31 22 13706 5307 16126 0 1 27 546 21505 595
2000-01-27 19:21:31 22 13706 5307 16401 0 0 27 557 21395 617
2000-01-27 19:31:31 22 13761 5307 16181 0 0 28 613 21450 683
2000-01-27 19:41:31 22 13761 5307 16456 0 0 27 652 21395 730
2000-01-27 19:51:31 22 13816 5307 16236 0 0 27 744 21395 817
2000-01-27 20:01:31 22 13816 5307 16126 0 0 26 757 21395 827
2000-01-27 20:11:31 22 13706 5307 17743 0 0 27 553 21340 865
2000-01-27 20:21:31 22 13871 5307 16236 0 0 27 831 21340 920
2000-01-27 20:31:31 22 13871 5307 16610 0 0 27 828 21450 937
2000-01-27 20:41:31 22 13926 5307 16291 0 0 27 911 21505 992
2000-01-27 20:51:31 22 13926 5307 16500 0 0 27 890 21285 1019
2000-01-27 21:01:31 22 13926 5307 16181 0 0 26 896 21285 984
2000-01-27 21:11:31 22 13981 5307 16291 0 0 28 941 21340 1051
2000-01-27 21:21:31 22 13981 5307 16401 0 0 27 930 21285 1054
2000-01-27 21:31:31 22 14036 5307 16500 0 0 27 959 21285 1099
2000-01-27 21:41:31 22 14036 5307 16346 0 0 27 933 21186 1060
2000-01-27 21:51:31 22 14091 5307 16456 0 0 27 974 21131 1111
2000-01-27 22:01:31 22 14135 5307 18227 0 0 27 801 21131 1136
2000-01-27 22:11:31 22 14190 5307 18656 0 0 27 638 21131 988
2000-01-27 22:21:31 22 14091 5307 20053 0 0 27 342 21076 1056
2000-01-27 22:31:31 22 14190 5307 20372 0 0 27 166 20757 932
2000-01-27 22:41:31 22 14135 5307 20647 0 0 27 87 20856 925
2000-01-27 22:51:31 22 14135 5307 20856 0 0 26 78 21021 1103
2000-01-27 23:01:31 22 14245 5307 20647 0 0 27 74 20801 994
2000-01-27 23:11:31 22 14410 5307 20911 0 0 27 49 21021 982
2000-01-27 23:21:31 22 14410 5307 20911 0 0 27 38 20966 972
2000-01-27 23:31:31 22 14410 5307 20911 0 0 27 35 21021 767
2000-01-27 23:41:31 22 14410 5307 20966 0 0 27 33 21076 1025
2000-01-27 23:51:31 22 14410 5307 20911 0 0 28 33 21021 1000
