Time ID V1 V2 V3 I1 I2 I3 I4 O1 O2
2000-01-03 00:06:39 36 14520 5002 20856 -1 -1 26 53 21076 470
2000-01-03 00:16:39 36 14465 5002 18491 -1 -1 26 45 19624 236
2000-01-03 00:26:39 36 14135 5002 14784 -1 -1 25 24 18062 30
2000-01-03 00:36:39 36 13926 5002 14465 -1 -1 25 21 17952 26
2000-01-03 00:46:39 36 13706 5002 14245 -1 0 25 17 17633 21
2000-01-03 00:56:39 36 13607 5002 14091 -1 -1 25 12 17039 16
2000-01-03 01:06:39 36 13552 5002 13651 -1 -1 25 6 15587 10
2000-01-03 01:16:39 36 13442 5002 12584 111 -1 25 3 12364 5
2000-01-03 01:26:39 36 13277 5002 6072 195 -1 25 2 5049 2
2000-01-03 01:36:39 36 13387 5002 649 -1 -1 25 0 429 0
2000-01-03 01:46:39 36 13442 5002 55 -1 0 25 0 55 0
2000-01-03 01:56:39 36 13442 5002 0 -1 -1 25 0 0 0
2000-01-03 02:06:39 36 13442 5002 0 -1 -1 25 0 0 0
2000-01-03 02:16:39 36 13442 5002 0 -1 -1 25 0 0 0
2000-01-03 02:26:39 36 13387 5002 0 -1 -1 25 0 0 0
2000-01-03 02:36:39 36 13387 5002 0 -1 -1 25 0 0 0
2000-01-03 02:46:39 36 13387 5002 0 -1 0 25 0 0 0
2000-01-03 02:56:39 36 13387 5002 0 -1 -1 25 0 0 0
2000-01-03 03:06:39 36 13387 5002 0 -1 0 25 0 0 0
2000-01-03 03:16:39 36 13387 5002 0 -1 0 25 0 0 0
2000-01-03 03:26:39 36 13387 5002 0 -1 -1 25 0 0 0
2000-01-03 03:36:39 36 13387 5002 0 -1 -1 25 0 0 0
2000-01-03 03:46:39 36 13387 5002 0 -1 0 25 0 0 0
2000-01-03 03:56:39 36 13387 5002 0 56 -1 25 0 0 0
2000-01-03 04:06:39 36 13277 5002 0 245 -1 25 0 0 0
2000-01-03 04:16:39 36 13277 5002 0 249 -1 25 0 0 0
2000-01-03 04:26:39 36 13277 5002 0 245 -1 25 0 0 1
2000-01-03 04:36:39 36 13222 5002 0 246 -1 25 0 0 0
2000-01-03 04:46:39 36 13222 5002 0 248 -1 25 0 0 0
2000-01-03 04:56:39 36 13222 5002 0 249 -1 25 0 0 0
2000-01-03 05:06:39 36 13222 5002 0 250 -1 25 0 0 0
2000-01-03 05:16:39 36 13222 5002 0 250 -1 25 0 0 0
2000-01-03 05:26:39 36 13222 5002 0 251 -1 25 0 0 0
2000-01-03 05:36:39 36 13222 5002 0 253 -1 25 0 0 0
2000-01-03 05:46:39 36 13222 5002 0 253 -1 25 0 0 0
2000-01-03 05:56:39 36 13222 5002 0 254 -1 25 0 0 0
2000-01-03 06:06:39 36 13222 5002 0 254 -1 25 0 0 0
2000-01-03 06:16:39 36 13222 5002 0 255 -1 26 0 0 0
2000-01-03 06:26:39 36 13222 5002 0 256 -1 25 0 0 0
2000-01-03 06:36:39 36 13222 5002 0 257 -1 25 0 0 0
2000-01-03 06:46:39 36 13222 5002 0 255 -1 25 0 0 0
2000-01-03 06:56:39 36 13222 5002 0 257 -1 25 0 0 0
2000-01-03 07:06:39 36 13222 5002 0 257 -1 25 0 0 0
2000-01-03 07:16:39 36 13222 5002 0 258 -1 25 0 0 0
2000-01-03 07:26:39 36 13222 5002 0 259 -1 25 0 0 0
2000-01-03 07:36:39 36 13222 5002 0 259 -1 25 0 0 0
2000-01-03 07:46:39 36 13222 5002 0 254 -1 25 0 0 0
2000-01-03 07:56:39 36 13222 5002 0 252 -1 25 0 0 0
2000-01-03 08:06:39 36 13222 5002 0 255 -1 25 0 0 0
2000-01-03 08:16:39 36 13222 5002 0 256 -1 25 0 0 0
2000-01-03 08:26:39 36 13222 5002 0 259 -1 25 0 0 0
2000-01-03 08:36:39 36 13222 5002 0 252 -1 25 0 0 0
2000-01-03 08:46:39 36 13222 5002 0 254 -1 25 0 0 0
2000-01-03 08:56:39 36 13222 5002 0 254 -1 25 0 0 0
2000-01-03 09:06:39 36 13222 5002 0 255 -1 25 0 0 0
2000-01-03 09:16:39 36 13222 5002 0 255 -1 25 0 0 0
2000-01-03 09:26:39 36 13167 5002 0 255 -1 25 0 0 0
2000-01-03 09:36:39 36 13167 5002 0 255 -1 25 0 0 0
2000-01-03 09:46:39 36 13167 5002 0 255 -1 25 0 0 0
2000-01-03 09:56:39 36 13167 5002 0 257 -1 25 0 0 0
2000-01-03 10:06:39 36 13167 5002 0 258 -1 25 0 0 0
2000-01-03 10:16:39 36 13167 5002 0 257 -1 25 0 0 0
2000-01-03 10:26:39 36 13167 5002 0 259 -1 25 0 0 0
2000-01-03 10:36:39 36 13167 5002 0 259 -1 25 0 0 0
2000-01-03 10:46:39 36 13123 5002 0 260 -1 26 0 0 0
2000-01-03 10:56:39 36 13123 5002 0 260 -1 26 0 0 0
2000-01-03 11:06:39 36 13123 5002 0 260 -1 25 0 0 0
2000-01-03 11:16:39 36 13123 5002 0 262 -1 25 0 0 0
2000-01-03 11:26:39 36 13123 5002 0 263 -1 25 0 0 0
2000-01-03 11:36:39 36 13123 5002 0 263 -1 25 0 0 0
2000-01-03 11:46:39 36 13123 5002 0 260 -1 25 0 0 0
2000-01-03 11:56:39 36 13068 5002 0 262 -1 25 0 0 0
2000-01-03 12:06:39 36 13068 5002 0 263 -1 25 0 0 0
2000-01-03 12:16:39 36 13068 5002 0 265 -1 25 0 0 0
2000-01-03 12:26:39 36 13068 5002 0 262 -1 25 0 0 0
2000-01-03 12:36:39 36 13068 5002 0 264 -1 25 0 0 0
2000-01-03 12:46:39 36 13068 5002 0 265 -1 25 0 0 0
2000-01-03 12:56:39 36 13068 5002 0 265 -1 25 0 0 0
2000-01-03 13:06:39 36 13068 5002 110 262 -1 25 0 110 0
2000-01-03 13:16:39 36 13068 5002 1232 261 -1 25 0 1023 1
2000-01-03 13:26:39 36 13068 5002 7799 261 -1 25 3 7370 3
2000-01-03 13:36:39 36 13068 5002 12683 262 -1 25 3 13552 5
2000-01-03 13:46:39 36 13068 5002 13332 263 -1 25 7 16456 10
2000-01-03 13:56:39 36 13068 5002 13552 253 -1 25 12 17633 15
2000-01-03 14:06:39 36 13068 5002 13651 209 -1 25 16 18227 19
2000-01-03 14:16:39 36 13167 5002 13816 -1 -1 25 20 18546 23
2000-01-03 14:26:39 36 13167 5002 13871 -1 -1 25 24 18821 27
2000-01-03 14:36:39 36 13222 5002 13926 -1 -1 25 33 19305 37
2000-01-03 14:46:39 36 13222 5002 14355 -2 -1 25 59 20053 65
2000-01-03 14:56:39 36 13277 5002 14520 -1 -1 25 89 20427 94
2000-01-03 15:06:39 36 13277 5002 14465 -1 -1 25 124 20757 130
2000-01-03 15:16:39 36 13332 5002 14575 -1 -1 25 166 20966 171
2000-01-03 15:26:39 36 13332 5002 14894 -1 -1 25 211 21186 216
2000-01-03 15:36:39 36 13387 5002 15059 -1 -1 26 258 21285 263
2000-01-03 15:46:39 36 13442 5002 15158 -1 -1 26 306 21395 312
2000-01-03 15:56:39 36 13497 5002 15213 -1 -1 26 356 21505 363
2000-01-03 16:06:39 36 13552 5002 15268 -1 -1 25 406 21560 413
2000-01-03 16:16:39 36 13552 5002 15323 -1 -1 26 455 21615 463
2000-01-03 16:26:39 36 13607 5002 15323 -1 -1 25 504 21560 511
2000-01-03 16:36:39 36 13607 5002 15378 -1 -1 26 551 21615 560
2000-01-03 16:46:39 36 13651 5002 15543 -1 -1 26 597 21615 607
2000-01-03 16:56:39 36 13706 5002 15488 -1 -1 25 643 21560 653
2000-01-03 17:06:39 36 13761 5002 15433 -1 134 25 687 21450 698
2000-01-03 17:16:39 36 13607 4880 15323 -1 1010 26 730 21450 741
2000-01-03 17:26:39 36 13651 4880 15433 -1 985 25 770 21450 782
2000-01-03 17:36:39 36 13651 4880 15488 -1 957 26 808 21450 821
2000-01-03 17:46:39 36 13706 4880 15433 -1 824 26 844 21395 858
2000-01-03 17:56:39 36 13706 4880 15378 -1 819 25 879 21285 893
2000-01-03 18:06:39 36 13761 4941 15433 -1 755 26 910 21340 924
2000-01-03 18:16:39 36 13761 4880 15323 -1 767 25 940 21241 955
2000-01-03 18:26:39 36 13761 4880 15268 -1 762 25 968 21131 984
2000-01-03 18:36:39 36 13761 4880 15268 -1 724 25 994 21131 1011
2000-01-03 18:46:39 36 13816 4941 15268 -1 713 25 1017 21131 1035
2000-01-03 18:56:39 36 13816 4941 15213 -1 643 25 1037 21076 1056
2000-01-03 19:06:39 36 13816 4941 15268 -1 700 25 1054 21131 1073
2000-01-03 19:16:39 36 13816 4941 15213 -2 690 26 1066 21076 1087
2000-01-03 19:26:39 36 13816 4941 15103 -1 665 25 1081 20911 1102
2000-01-03 19:36:39 36 13871 4941 15103 -1 636 26 1091 20856 1112
2000-01-03 19:46:39 36 13871 4941 15059 -1 533 25 1095 20856 1117
2000-01-03 19:56:39 36 13926 4941 15378 -1 466 25 1100 21021 1123
2000-01-03 20:06:39 36 13981 4941 15433 -1 384 25 1099 21021 1124
2000-01-03 20:16:39 36 14036 4941 15488 -1 329 25 1104 21076 1129
2000-01-03 20:26:39 36 14135 5002 15323 -1 272 26 1105 20856 1132
2000-01-03 20:36:39 36 14300 5002 16984 -1 224 26 890 20702 1134
2000-01-03 20:46:39 36 14465 5002 20053 -1 87 26 300 20702 1126
2000-01-03 20:56:39 36 14465 5002 20328 -1 1 26 166 20647 1109
2000-01-03 21:06:39 36 14465 5002 20427 -1 1 26 133 20702 1100
2000-01-03 21:16:39 36 14465 5002 20702 -1 1 26 89 20911 1077
2000-01-03 21:26:39 36 14465 5002 20702 -1 1 26 73 20856 1008
2000-01-03 21:36:39 36 14465 5002 20757 -1 1 26 67 20911 1058
2000-01-03 21:46:39 36 14465 5002 20647 -1 1 26 62 20801 1041
2000-01-03 21:56:39 36 14520 5002 20537 -1 1 26 60 20757 1006
2000-01-03 22:06:39 36 14465 5002 17853 -1 1 26 63 19305 346
2000-01-03 22:16:39 36 14410 5002 18392 -1 163 26 112 20427 378
2000-01-03 22:26:39 36 14410 4941 19844 -1 264 26 149 20966 666
2000-01-03 22:36:39 36 14465 5002 20801 -1 174 26 116 21076 884
2000-01-03 22:46:39 36 14465 5002 20702 -1 41 26 70 20911 835
2000-01-03 22:56:39 36 14520 5002 20757 -1 -1 26 55 20911 791
2000-01-03 23:06:39 36 14520 5002 20328 -1 -1 26 55 20702 670
2000-01-03 23:16:39 36 14520 5002 20856 -1 -1 26 54 21021 703
2000-01-03 23:26:39 36 14520 5002 20801 -1 -1 26 55 20966 656
2000-01-03 23:36:39 36 14520 5002 20702 -1 -1 26 54 20911 608
2000-01-03 23:46:39 36 14520 5002 20702 -1 -1 26 53 20911 556
2000-01-03 23:56:39 36 14520 5002 20757 -1 -1 26 54 20966 501
