Time ID V1 V2 V3 I1 I2 I3 I4 O1 O2
2000-04-11 00:03:57 7 13651 5124 16027 0 0 29 740 20856 856
2000-04-11 00:13:57 7 13706 5124 15972 0 0 29 784 20801 891
2000-04-11 00:23:57 7 13651 5124 16401 0 0 29 730 20757 923
2000-04-11 00:33:57 7 13761 5124 15972 0 0 29 820 20702 955
2000-04-11 00:43:57 7 13816 5124 15862 0 0 29 855 20647 988
2000-04-11 00:53:57 7 14036 5124 18766 0 0 29 522 20647 1018
2000-04-11 01:03:57 7 14135 5124 20273 0 0 29 116 20537 1043
2000-04-11 01:13:57 7 14190 5124 20328 0 0 28 57 20482 1066
2000-04-11 01:23:57 7 14190 5124 20273 0 0 29 41 20328 1089
2000-04-11 01:33:57 7 14190 5124 20163 0 0 29 36 20218 1107
2000-04-11 01:43:57 7 14190 5124 19943 0 0 29 35 20053 1123
2000-04-11 01:53:57 7 14190 5124 19943 0 0 29 34 19998 1137
2000-04-11 02:03:57 7 14190 5124 19943 0 0 29 35 20053 1147
2000-04-11 02:13:57 7 14190 5124 19888 0 0 29 34 19998 1157
2000-04-11 02:23:57 7 14190 5124 19943 0 0 28 34 20053 1163
2000-04-11 02:33:57 7 14190 5124 19888 0 0 29 33 19998 1167
2000-04-11 02:43:57 7 14190 5124 19844 0 0 29 33 19943 1169
2000-04-11 02:53:57 7 14190 5124 19888 0 0 29 33 19998 1166
2000-04-11 03:03:57 7 14190 5124 19844 0 0 29 33 19943 1163
2000-04-11 03:13:57 7 14245 5124 19844 0 0 28 33 19943 1156
2000-04-11 03:23:57 7 14245 5124 19844 0 0 29 34 19943 1146
2000-04-11 03:33:57 7 14245 5124 19844 0 0 29 33 19943 1129
2000-04-11 03:43:57 7 14245 5124 19789 0 0 29 33 19844 1115
2000-04-11 03:53:57 7 14245 5124 19734 0 0 28 33 19844 1099
2000-04-11 04:03:57 7 14245 5124 19734 0 0 29 33 19844 1080
2000-04-11 04:13:57 7 14245 5124 19789 0 0 29 34 19888 1061
2000-04-11 04:23:57 7 14245 5063 19789 0 30 29 42 19888 1037
2000-04-11 04:33:57 7 14091 4880 19459 0 406 29 174 19888 1012
2000-04-11 04:43:57 7 14135 4880 19569 0 278 29 161 19998 984
2000-04-11 04:53:57 7 14135 4880 19679 0 275 29 149 20053 948
2000-04-11 05:03:57 7 14135 4880 19789 0 267 29 134 20108 911
2000-04-11 05:13:57 7 14091 4880 19844 0 259 29 123 20163 872
2000-04-11 05:23:57 7 14135 4880 19888 0 180 29 116 20218 831
2000-04-11 05:33:57 7 14135 4880 19844 0 176 29 121 20163 786
2000-04-11 05:43:57 7 14135 4880 19844 0 162 29 111 20163 741
2000-04-11 05:53:57 7 14135 4880 19888 0 153 29 104 20273 696
2000-04-11 06:03:57 7 14135 4880 19943 0 128 29 101 20273 647
2000-04-11 06:13:57 7 14190 4880 19943 0 124 29 95 20273 598
2000-04-11 06:23:57 7 14135 4880 19943 0 125 28 96 20328 545
2000-04-11 06:33:57 7 14190 4880 19943 0 118 28 95 20328 490
2000-04-11 06:43:57 7 14135 4880 18337 0 124 29 83 19514 286
2000-04-11 06:53:57 7 13651 4880 14410 0 124 28 38 18007 44
2000-04-11 07:03:57 7 13332 4880 14036 0 141 28 41 18337 45
2000-04-11 07:13:57 7 13167 4880 13981 0 138 28 42 18491 46
2000-04-11 07:23:57 7 13123 4880 13816 0 118 29 33 18172 37
2000-04-11 07:33:57 7 13068 4880 13761 0 116 28 28 18007 32
2000-04-11 07:43:57 7 13068 4880 13761 0 118 28 30 18172 33
2000-04-11 07:53:57 7 13068 4880 13552 0 103 28 18 17204 20
2000-04-11 08:03:57 7 13068 4880 13222 0 106 28 8 15697 10
2000-04-11 08:13:57 7 13013 4880 12639 0 201 28 5 13651 7
2000-04-11 08:23:57 7 13068 4941 6666 0 136 28 1 5489 2
2000-04-11 08:33:57 7 13068 5063 913 0 0 27 0 594 0
2000-04-11 08:43:57 7 13068 5063 55 14 0 28 0 55 0
2000-04-11 08:53:57 7 13013 5063 0 165 0 28 0 0 0
2000-04-11 09:03:57 7 12958 5063 0 164 0 28 0 0 0
2000-04-11 09:13:57 7 12958 5063 0 168 0 28 0 0 0
2000-04-11 09:23:57 7 12958 5063 0 164 0 27 0 0 0
2000-04-11 09:33:57 7 12958 5063 0 164 0 29 0 0 0
2000-04-11 09:43:57 7 12958 5063 0 164 0 28 0 0 0
2000-04-11 09:53:57 7 12958 5063 0 164 0 27 0 0 0
2000-04-11 10:03:57 7 12958 5063 0 164 0 28 0 0 0
2000-04-11 10:13:57 7 12958 5063 0 164 0 28 0 0 0
2000-04-11 10:23:57 7 12903 5063 0 293 0 28 0 0 0
2000-04-11 10:33:57 7 12958 5124 0 183 0 28 0 0 0
2000-04-11 10:43:57 7 13068 5124 0 0 0 28 0 0 0
2000-04-11 10:53:57 7 13068 5124 0 22 0 28 0 0 0
2000-04-11 11:03:57 7 13123 5124 0 0 0 28 0 0 0
2000-04-11 11:13:57 7 13123 5124 0 0 0 28 0 0 0
2000-04-11 11:23:57 7 13123 5124 0 0 0 28 0 0 0
2000-04-11 11:33:57 7 13123 5124 0 0 0 28 0 0 0
2000-04-11 11:43:57 7 13123 5124 0 0 0 28 0 0 0
2000-04-11 11:53:57 7 13123 5124 0 0 0 28 0 0 0
2000-04-11 12:03:57 7 13123 5124 0 0 0 27 0 0 0
2000-04-11 12:13:57 7 13123 5124 0 0 0 28 0 0 0
2000-04-11 12:23:57 7 13123 5124 0 0 0 28 0 0 0
2000-04-11 12:33:57 7 13123 5124 0 0 0 27 0 0 0
2000-04-11 12:43:57 7 13123 5124 0 0 0 28 0 0 0
2000-04-11 12:53:57 7 13123 5124 0 0 0 28 0 0 0
2000-04-11 13:03:57 7 13123 5124 0 0 0 28 0 0 0
2000-04-11 13:13:57 7 13123 5124 0 0 0 28 0 0 0
2000-04-11 13:23:57 7 13123 5124 0 0 0 28 0 0 0
2000-04-11 13:33:57 7 13123 5124 0 0 0 28 0 0 0
2000-04-11 13:43:57 7 13123 5124 0 0 0 28 0 0 0
2000-04-11 13:53:57 7 13123 5124 0 0 0 28 0 0 0
2000-04-11 14:03:57 7 13123 5124 0 0 0 28 0 0 0
2000-04-11 14:13:57 7 13123 5124 0 0 0 28 0 0 0
2000-04-11 14:23:57 7 13123 5124 0 0 0 28 0 0 0
2000-04-11 14:33:57 7 13123 5124 0 0 0 28 0 0 0
2000-04-11 14:43:57 7 13123 5124 0 0 0 27 0 0 0
2000-04-11 14:53:57 7 13123 5124 0 0 0 27 0 0 0
2000-04-11 15:03:57 7 13123 5124 0 0 0 28 0 0 0
2000-04-11 15:13:57 7 13123 5124 0 0 0 27 0 0 0
2000-04-11 15:23:57 7 13123 5124 0 0 0 28 0 0 0
2000-04-11 15:33:57 7 13123 5124 0 0 0 28 0 0 0
2000-04-11 15:43:57 7 13123 5124 0 0 0 28 0 0 0
2000-04-11 15:53:57 7 13123 5124 0 0 0 27 0 0 0
2000-04-11 16:03:57 7 13123 5124 0 0 0 27 0 0 0
2000-04-11 16:13:57 7 13123 5124 0 0 0 27 0 0 0
2000-04-11 16:23:57 7 13123 5124 0 0 0 28 0 0 0
2000-04-11 16:33:57 7 13123 5124 0 0 0 28 0 0 0
2000-04-11 16:43:57 7 13123 5124 0 0 0 27 0 0 0
2000-04-11 16:53:57 7 13123 5124 0 0 0 27 0 0 0
2000-04-11 17:03:57 7 13123 5124 0 0 0 27 0 0 0
2000-04-11 17:13:57 7 13123 5124 0 0 0 27 0 0 0
2000-04-11 17:23:57 7 13068 5124 0 0 0 28 0 0 0
2000-04-11 17:33:57 7 13068 5124 0 0 0 29 0 0 0
2000-04-11 17:43:57 7 13068 5124 0 0 0 28 0 0 0
2000-04-11 17:53:57 7 13068 5124 0 0 0 27 0 0 0
2000-04-11 18:03:57 7 13068 5124 0 0 0 27 0 0 0
2000-04-11 18:13:57 7 13068 5124 0 0 0 26 0 0 0
2000-04-11 18:23:57 7 13068 5124 0 27 0 28 0 0 0
2000-04-11 18:33:57 7 12903 5063 0 270 0 28 0 0 0
2000-04-11 18:43:57 7 12903 5063 0 268 0 28 0 0 0
2000-04-11 18:53:57 7 12903 5063 0 268 0 28 0 0 0
2000-04-11 19:03:57 7 12903 5063 0 266 0 28 0 0 0
2000-04-11 19:13:57 7 12903 5063 0 266 0 27 0 0 0
2000-04-11 19:23:57 7 12903 5063 0 280 0 28 0 0 0
2000-04-11 19:33:57 7 12958 5063 0 165 0 28 0 0 0
2000-04-11 19:43:57 7 12958 5063 0 165 0 28 0 0 0
2000-04-11 19:53:57 7 12958 5063 0 164 0 29 0 0 0
2000-04-11 20:03:57 7 12958 5063 0 126 0 28 0 0 0
2000-04-11 20:13:57 7 13068 5124 0 0 0 28 0 0 0
2000-04-11 20:23:57 7 13068 5124 539 0 0 28 0 374 0
2000-04-11 20:33:57 7 13068 5124 4356 0 0 28 1 3652 2
2000-04-11 20:43:57 7 13068 5124 11242 0 0 29 3 10967 4
2000-04-11 20:53:57 7 13068 5063 13442 0 0 28 4 15103 7
2000-04-11 21:03:57 7 13068 5063 16346 0 0 29 7 17523 16
2000-04-11 21:13:57 7 13123 5063 13761 0 0 29 24 18601 26
2000-04-11 21:23:57 7 13123 5063 13761 0 0 29 31 18975 34
2000-04-11 21:33:57 7 13123 5063 14036 0 0 29 36 19250 40
2000-04-11 21:43:57 7 13123 5063 13981 0 0 29 42 19404 45
2000-04-11 21:53:57 7 13123 5063 14190 0 0 29 46 19734 50
2000-04-11 22:03:57 7 13123 5063 14465 0 0 29 52 19998 55
2000-04-11 22:13:57 7 13123 5063 14729 0 0 29 58 20482 61
2000-04-11 22:23:57 7 13222 5063 15642 0 0 29 161 21505 199
2000-04-11 22:33:57 7 13387 5124 16401 0 0 29 390 21725 436
2000-04-11 22:43:57 7 13442 5124 16291 0 0 29 439 21615 484
2000-04-11 22:53:57 7 13497 5124 16126 0 0 29 496 21450 539
2000-04-11 23:03:57 7 13552 5124 16126 0 0 29 538 21285 592
2000-04-11 23:13:57 7 13552 5124 16126 0 0 29 569 21186 635
2000-04-11 23:23:57 7 13607 5124 16126 0 0 29 586 21131 675
2000-04-11 23:33:57 7 13607 5124 16027 0 0 29 655 21076 720
2000-04-11 23:43:57 7 13651 5124 16027 0 0 29 682 20966 764
2000-04-11 23:53:57 7 13607 5124 16830 0 0 29 583 20856 802
