Time ID V1 V2 V3 I1 I2 I3 I4 O1 O2
2000-04-09 00:03:57 7 13651 4880 15752 0 232 29 805 20966 871
2000-04-09 00:13:57 7 13651 4880 15862 0 211 29 828 20966 908
2000-04-09 00:23:57 7 13706 4880 15697 0 228 29 867 20856 944
2000-04-09 00:33:57 7 13706 4880 15752 0 204 29 884 20801 976
2000-04-09 00:43:57 7 13761 4880 15697 0 181 29 921 20801 1006
2000-04-09 00:53:57 7 13981 4880 17424 0 177 29 767 20757 1034
2000-04-09 01:03:57 7 14135 4880 20163 0 156 29 196 20647 1061
2000-04-09 01:13:57 7 14135 4880 20163 0 137 29 119 20427 1085
2000-04-09 01:23:57 7 14135 4880 20053 0 123 29 110 20328 1106
2000-04-09 01:33:57 7 14135 4880 19998 0 115 29 102 20218 1128
2000-04-09 01:43:57 7 14135 4880 19943 0 115 29 98 20163 1144
2000-04-09 01:53:57 7 14135 4880 19998 0 131 30 99 20218 1158
2000-04-09 02:03:57 7 14135 4880 19943 0 122 29 94 20163 1169
2000-04-09 02:13:57 7 14135 4880 19888 0 118 28 94 20053 1179
2000-04-09 02:23:57 7 14135 4880 19734 0 111 29 90 19888 1188
2000-04-09 02:33:57 7 14135 4880 19734 0 127 29 94 19943 1194
2000-04-09 02:43:57 7 14091 4880 19679 0 239 29 127 19943 1196
2000-04-09 02:53:57 7 14091 4880 19624 0 223 29 130 19888 1198
2000-04-09 03:03:57 7 14135 4880 19569 0 172 28 114 19844 1190
2000-04-09 03:13:57 7 14190 4880 19734 0 32 29 54 19844 1177
2000-04-09 03:23:57 7 14135 4880 19624 0 107 29 91 19844 1171
2000-04-09 03:33:57 7 14190 4880 19569 0 65 29 61 19679 1159
2000-04-09 03:43:57 7 14190 4880 19624 0 56 29 71 19789 1140
2000-04-09 03:53:57 7 14190 4880 19679 0 102 28 81 19888 1123
2000-04-09 04:03:57 7 14190 4880 19844 0 15 28 53 19998 1100
2000-04-09 04:13:57 7 14135 4880 19789 0 117 29 87 19943 1076
2000-04-09 04:23:57 7 14245 4941 19888 0 3 29 45 19998 1050
2000-04-09 04:33:57 7 14135 4880 19943 0 120 29 90 20163 1020
2000-04-09 04:43:57 7 14245 4941 19998 0 0 28 42 20108 990
2000-04-09 04:53:57 7 14135 4941 19789 0 117 29 90 19998 959
2000-04-09 05:03:57 7 14245 5124 19844 0 0 29 38 19998 926
2000-04-09 05:13:57 7 14245 5124 19844 0 0 29 38 19943 889
2000-04-09 05:23:57 7 14245 5124 19844 0 0 29 37 19943 851
2000-04-09 05:33:57 7 14245 5124 19888 0 0 28 37 19998 809
2000-04-09 05:43:57 7 14245 5124 19998 0 0 29 36 20108 766
2000-04-09 05:53:57 7 14245 5124 19998 0 0 29 36 20108 721
2000-04-09 06:03:57 7 14245 5124 20108 0 0 28 37 20218 673
2000-04-09 06:13:57 7 14245 5124 20053 0 0 29 37 20163 623
2000-04-09 06:23:57 7 14245 5124 19998 0 0 29 36 20108 572
2000-04-09 06:33:57 7 14245 5124 19998 0 0 29 37 20108 516
2000-04-09 06:43:57 7 14245 5124 18656 0 0 29 38 19195 302
2000-04-09 06:53:57 7 14135 5124 14839 0 0 28 40 17853 49
2000-04-09 07:03:57 7 14135 5124 14839 0 0 28 41 18227 48
2000-04-09 07:13:57 7 14135 5124 14894 0 0 28 44 18546 51
2000-04-09 07:23:57 7 14190 5124 14949 0 0 27 46 18711 52
2000-04-09 07:33:57 7 14190 5124 14894 0 0 27 42 18601 48
2000-04-09 07:43:57 7 14091 5124 14784 0 0 28 32 18227 38
2000-04-09 07:53:57 7 13871 5124 14465 0 0 28 21 17523 25
2000-04-09 08:03:57 7 13607 5124 14135 0 0 28 10 16346 14
2000-04-09 08:13:57 7 13442 5124 12958 0 0 28 4 13167 6
2000-04-09 08:23:57 7 13332 5124 6776 0 0 28 2 5533 2
2000-04-09 08:33:57 7 13222 5124 858 0 0 28 0 539 0
2000-04-09 08:43:57 7 13167 5124 55 0 0 28 0 55 0
2000-04-09 08:53:57 7 13167 5124 0 0 0 28 0 0 0
2000-04-09 09:03:57 7 13013 5063 0 142 0 28 0 0 0
2000-04-09 09:13:57 7 12958 5063 0 164 0 27 0 0 0
2000-04-09 09:23:57 7 13013 5063 0 164 0 28 0 0 0
2000-04-09 09:33:57 7 13013 5063 0 164 0 28 0 0 0
2000-04-09 09:43:57 7 13013 5063 0 164 0 27 0 0 0
2000-04-09 09:53:57 7 13013 5063 0 174 0 28 0 0 0
2000-04-09 10:03:57 7 12958 5063 0 268 0 29 0 0 0
2000-04-09 10:13:57 7 12903 5063 0 266 0 28 0 0 0
2000-04-09 10:23:57 7 12903 5063 0 266 0 28 0 0 0
2000-04-09 10:33:57 7 12958 5063 0 265 0 28 0 0 0
2000-04-09 10:43:57 7 12903 5063 0 265 0 28 0 0 0
2000-04-09 10:53:57 7 12903 5063 0 265 0 27 0 0 0
2000-04-09 11:03:57 7 12903 5063 0 265 0 27 0 0 0
2000-04-09 11:13:57 7 12903 5063 0 265 0 28 0 0 0
2000-04-09 11:23:57 7 12903 5063 0 234 0 28 0 0 0
2000-04-09 11:33:57 7 13068 5124 0 0 0 28 0 0 0
2000-04-09 11:43:57 7 13123 5124 0 0 0 28 0 0 0
2000-04-09 11:53:57 7 13123 5124 0 0 0 28 0 0 0
2000-04-09 12:03:57 7 13123 5124 0 0 0 27 0 0 0
2000-04-09 12:13:57 7 13123 5124 0 0 0 28 0 0 0
2000-04-09 12:23:57 7 13123 5124 0 0 0 28 0 0 0
2000-04-09 12:33:57 7 13123 5124 0 0 0 28 0 0 0
2000-04-09 12:43:57 7 13123 5124 0 0 0 28 0 0 0
2000-04-09 12:53:57 7 13123 5124 0 0 0 28 0 0 0
2000-04-09 13:03:57 7 13123 5124 0 0 0 28 0 0 0
2000-04-09 13:13:57 7 13123 5124 0 0 0 28 0 0 0
2000-04-09 13:23:57 7 13123 5124 0 0 0 28 0 0 0
2000-04-09 13:33:57 7 13123 5124 0 0 0 28 0 0 0
2000-04-09 13:43:57 7 13123 5124 0 0 0 28 0 0 0
2000-04-09 13:53:57 7 13123 5124 0 0 0 28 0 0 0
2000-04-09 14:03:57 7 13123 5124 0 0 0 27 0 0 0
2000-04-09 14:13:57 7 13123 5124 0 0 0 28 0 0 0
2000-04-09 14:23:57 7 13123 5124 0 0 0 28 0 0 0
2000-04-09 14:33:57 7 13123 5124 0 0 0 28 0 0 0
2000-04-09 14:43:57 7 13123 5124 0 0 0 28 0 0 0
2000-04-09 14:53:57 7 13123 5124 0 0 0 28 0 0 0
2000-04-09 15:03:57 7 13123 5124 0 0 0 28 0 0 0
2000-04-09 15:13:57 7 13123 5124 0 0 0 28 0 0 0
2000-04-09 15:23:57 7 13123 5124 0 0 0 28 0 0 0
2000-04-09 15:33:57 7 13123 5124 0 0 0 28 0 0 0
2000-04-09 15:43:57 7 13123 5124 0 0 0 28 0 0 0
2000-04-09 15:53:57 7 13123 5124 0 0 0 28 0 0 0
2000-04-09 16:03:57 7 13123 5124 0 0 0 28 0 0 0
2000-04-09 16:13:57 7 13123 5124 0 0 0 28 0 0 0
2000-04-09 16:23:57 7 13123 5124 0 0 0 27 0 0 0
2000-04-09 16:33:57 7 13123 5124 0 0 0 28 0 0 0
2000-04-09 16:43:57 7 13123 5124 0 0 0 28 0 0 0
2000-04-09 16:53:57 7 13123 5124 0 0 0 27 0 0 0
2000-04-09 17:03:57 7 13123 5124 0 0 0 28 0 0 0
2000-04-09 17:13:57 7 13123 5124 0 0 0 28 0 0 0
2000-04-09 17:23:57 7 13123 5124 0 0 0 29 0 0 0
2000-04-09 17:33:57 7 13123 5124 0 0 0 28 0 0 0
2000-04-09 17:43:57 7 13123 5124 0 0 0 28 0 0 0
2000-04-09 17:53:57 7 13123 5124 0 0 0 28 0 0 0
2000-04-09 18:03:57 7 13123 5124 0 0 0 28 0 0 0
2000-04-09 18:13:57 7 13123 5124 0 0 0 28 0 0 0
2000-04-09 18:23:57 7 13068 5124 0 36 0 28 0 0 0
2000-04-09 18:33:57 7 12903 5063 0 270 0 28 0 0 0
2000-04-09 18:43:57 7 12903 5063 0 270 0 28 0 0 0
2000-04-09 18:53:57 7 12903 5063 0 269 0 28 0 0 0
2000-04-09 19:03:57 7 12903 5063 0 269 0 28 0 0 0
2000-04-09 19:13:57 7 12903 5063 0 268 0 28 0 0 0
2000-04-09 19:23:57 7 12903 5063 0 268 0 28 0 0 0
2000-04-09 19:33:57 7 12848 5063 0 268 0 28 0 0 0
2000-04-09 19:43:57 7 12848 5063 0 268 0 28 0 0 0
2000-04-09 19:53:57 7 12958 5124 0 94 0 28 0 0 0
2000-04-09 20:03:57 7 13068 5124 0 0 0 28 0 0 0
2000-04-09 20:13:57 7 13068 5124 55 0 0 28 0 55 0
2000-04-09 20:23:57 7 13068 5124 913 0 0 28 0 649 0
2000-04-09 20:33:57 7 13068 5124 7040 0 0 29 2 6501 3
2000-04-09 20:43:57 7 13068 5124 12738 0 0 29 3 13167 5
2000-04-09 20:53:57 7 13068 5063 13651 0 0 29 6 16126 9
2000-04-09 21:03:57 7 13068 5063 15752 0 0 29 9 17688 16
2000-04-09 21:13:57 7 13123 5063 13761 0 0 29 22 18546 25
2000-04-09 21:23:57 7 13123 5063 13816 0 0 29 28 18920 30
2000-04-09 21:33:57 7 13123 5063 13871 0 0 29 31 19085 35
2000-04-09 21:43:57 7 13123 5063 13816 0 0 29 35 19250 38
2000-04-09 21:53:57 7 13123 5063 13981 0 0 29 39 19569 41
2000-04-09 22:03:57 7 13123 5063 14355 0 0 29 42 19888 45
2000-04-09 22:13:57 7 13123 5063 14619 0 0 29 46 20328 48
2000-04-09 22:23:57 7 13167 5063 15697 0 0 29 159 21285 230
2000-04-09 22:33:57 7 13442 5124 16071 0 0 29 404 21285 461
2000-04-09 22:43:57 7 13497 5124 15972 0 0 29 467 21186 514
2000-04-09 22:53:57 7 13497 5124 15807 0 0 29 516 21021 566
2000-04-09 23:03:57 7 13552 5124 15862 0 0 29 549 20911 616
2000-04-09 23:13:57 7 13552 5124 15862 0 0 29 582 20966 664
2000-04-09 23:23:57 7 13607 5124 15807 0 0 29 639 20911 710
2000-04-09 23:33:57 7 13607 5124 15917 0 0 29 667 20801 756
2000-04-09 23:43:57 7 13651 5124 15807 0 0 29 712 20801 799
2000-04-09 23:53:57 7 13651 5124 15752 0 0 29 757 20757 839
