Time ID V1 V2 V3 I1 I2 I3 I4 O1 O2
2000-04-06 00:03:57 7 13871 5124 16775 0 0 29 736 20966 888
2000-04-06 00:13:57 7 14190 5124 20427 0 0 29 170 20856 926
2000-04-06 00:23:57 7 14190 5124 20537 0 0 29 60 20702 961
2000-04-06 00:33:57 7 14190 5124 20537 0 0 28 40 20647 994
2000-04-06 00:43:57 7 14190 5124 20372 0 0 29 36 20482 1025
2000-04-06 00:53:57 7 14190 5124 20218 0 0 29 35 20328 1053
2000-04-06 01:03:57 7 14190 5124 20163 0 0 29 34 20273 1079
2000-04-06 01:13:57 7 14190 5124 20108 0 0 29 33 20218 1102
2000-04-06 01:23:57 7 14190 5124 19998 0 0 29 34 20053 1125
2000-04-06 01:33:57 7 14190 5124 19844 0 0 29 34 19943 1143
2000-04-06 01:43:57 7 14190 5124 19943 0 0 28 34 19998 1158
2000-04-06 01:53:57 7 14190 5124 19888 0 0 29 33 19943 1171
2000-04-06 02:03:57 7 14190 5124 19998 0 0 29 33 20053 1182
2000-04-06 02:13:57 7 14190 5124 20053 0 0 29 34 20163 1192
2000-04-06 02:23:57 7 14190 5124 20053 0 0 29 34 20108 1200
2000-04-06 02:33:57 7 14190 5124 19943 0 0 29 33 20053 1200
2000-04-06 02:43:57 7 14190 5124 19998 0 0 29 34 20108 1195
2000-04-06 02:53:57 7 14091 4880 19624 0 377 29 166 19998 1192
2000-04-06 03:03:57 7 14135 4880 19789 0 288 29 149 20108 1186
2000-04-06 03:13:57 7 14135 4880 19789 0 259 29 125 20053 1178
2000-04-06 03:23:57 7 14135 4880 19789 0 196 29 116 20053 1167
2000-04-06 03:33:57 7 14135 4880 19789 0 179 29 120 20053 1155
2000-04-06 03:43:57 7 14135 4880 19789 0 184 28 113 20053 1138
2000-04-06 03:53:57 7 14135 4880 19734 0 190 29 110 19998 1118
2000-04-06 04:03:57 7 14135 4880 19789 0 171 29 108 19998 1100
2000-04-06 04:13:57 7 14135 4880 19789 0 154 28 107 19998 1081
2000-04-06 04:23:57 7 14135 4880 19844 0 161 29 101 20108 1055
2000-04-06 04:33:57 7 14135 4880 19844 0 143 29 99 20108 1029
2000-04-06 04:43:57 7 14135 4880 19844 0 125 29 96 20053 1001
2000-04-06 04:53:57 7 14135 4880 19888 0 136 29 96 20108 970
2000-04-06 05:03:57 7 14135 4880 19888 0 145 28 98 20163 935
2000-04-06 05:13:57 7 14135 4880 19943 0 137 29 93 20218 901
2000-04-06 05:23:57 7 14135 4880 19998 0 137 29 90 20273 862
2000-04-06 05:33:57 7 14135 4880 19998 0 125 29 90 20218 820
2000-04-06 05:43:57 7 14135 4880 19943 0 209 28 110 20273 778
2000-04-06 05:53:57 7 14091 4880 19998 0 223 29 136 20372 733
2000-04-06 06:03:57 7 14091 4880 19943 0 208 29 125 20328 683
2000-04-06 06:13:57 7 14190 4880 19998 0 97 29 85 20273 634
2000-04-06 06:23:57 7 14135 4880 19998 0 118 29 88 20328 579
2000-04-06 06:33:57 7 14190 4880 20108 0 47 29 56 20372 520
2000-04-06 06:43:57 7 14245 5124 19140 0 0 29 42 19514 337
2000-04-06 06:53:57 7 14036 5124 14619 0 0 29 29 17578 35
2000-04-06 07:03:57 7 13871 5124 14520 0 0 28 27 17798 32
2000-04-06 07:13:57 7 13706 5063 14300 0 0 28 25 17798 30
2000-04-06 07:23:57 7 13552 5063 14135 0 0 29 23 17743 27
2000-04-06 07:33:57 7 13442 5063 13981 0 0 28 20 17578 24
2000-04-06 07:43:57 7 13332 5063 13816 0 0 28 17 17259 20
2000-04-06 07:53:57 7 13222 5063 13651 0 0 29 12 16720 15
2000-04-06 08:03:57 7 13167 5124 13552 0 0 28 6 15433 9
2000-04-06 08:13:57 7 13167 5124 12419 0 0 27 3 12199 4
2000-04-06 08:23:57 7 13123 5124 5918 0 0 28 1 4620 2
2000-04-06 08:33:57 7 13123 5124 704 0 0 28 0 429 0
2000-04-06 08:43:57 7 13123 5124 55 0 0 28 0 0 0
2000-04-06 08:53:57 7 13013 5124 0 105 0 28 0 0 0
2000-04-06 09:03:57 7 12958 5063 0 165 0 27 0 0 0
2000-04-06 09:13:57 7 12958 5063 0 165 0 28 0 0 0
2000-04-06 09:23:57 7 12903 5063 0 277 0 28 0 0 0
2000-04-06 09:33:57 7 12848 5063 0 411 0 28 0 0 0
2000-04-06 09:43:57 7 12903 5063 0 266 0 27 0 0 0
2000-04-06 09:53:57 7 12903 5063 0 265 0 28 0 0 0
2000-04-06 10:03:57 7 12903 5063 0 265 0 28 0 0 0
2000-04-06 10:13:57 7 12903 5063 0 265 0 28 0 0 0
2000-04-06 10:23:57 7 12903 5063 0 265 0 28 0 0 0
2000-04-06 10:33:57 7 12903 5063 0 265 0 28 0 0 0
2000-04-06 10:43:57 7 12903 5063 0 265 0 28 0 0 0
2000-04-06 10:53:57 7 12903 5063 0 265 0 28 0 0 0
2000-04-06 11:03:57 7 12903 5063 0 265 0 28 0 0 0
2000-04-06 11:13:57 7 12903 5063 0 265 0 28 0 0 0
2000-04-06 11:23:57 7 12903 5063 0 265 0 28 0 0 0
2000-04-06 11:33:57 7 13013 5124 0 124 0 28 0 0 0
2000-04-06 11:43:57 7 13068 5124 0 0 0 28 0 0 0
2000-04-06 11:53:57 7 13123 5124 0 0 0 29 0 0 0
2000-04-06 12:03:57 7 13123 5124 0 0 0 28 0 0 0
2000-04-06 12:13:57 7 13123 5124 0 0 0 28 0 0 0
2000-04-06 12:23:57 7 13123 5124 0 0 0 28 0 0 0
2000-04-06 12:33:57 7 13123 5124 0 0 0 28 0 0 0
2000-04-06 12:43:57 7 13123 5124 0 0 0 28 0 0 0
2000-04-06 12:53:57 7 13123 5124 0 0 0 28 0 0 0
2000-04-06 13:03:57 7 13123 5124 0 0 0 28 0 0 0
2000-04-06 13:13:57 7 13123 5124 0 0 0 29 0 0 0
2000-04-06 13:23:57 7 13123 5124 0 0 0 28 0 0 0
2000-04-06 13:33:57 7 13123 5124 0 0 0 28 0 0 0
2000-04-06 13:43:57 7 13123 5124 0 0 0 28 0 0 0
2000-04-06 13:53:57 7 13123 5124 0 0 0 28 0 0 0
2000-04-06 14:03:57 7 13123 5124 0 0 0 28 0 0 0
2000-04-06 14:13:57 7 13123 5124 0 0 0 28 0 0 0
2000-04-06 14:23:57 7 13123 5124 0 0 0 28 0 0 0
2000-04-06 14:33:57 7 13123 5124 0 0 0 28 0 0 0
2000-04-06 14:43:57 7 13123 5124 0 0 0 28 0 0 0
2000-04-06 14:53:57 7 13123 5124 0 0 0 28 0 0 0
2000-04-06 15:03:57 7 13123 5124 0 0 0 28 0 0 0
2000-04-06 15:13:57 7 13123 5124 0 0 0 28 0 0 0
2000-04-06 15:23:57 7 13123 5124 0 0 0 28 0 0 0
2000-04-06 15:33:57 7 13123 5124 0 0 0 28 0 0 0
2000-04-06 15:43:57 7 13123 5124 0 0 0 28 0 0 0
2000-04-06 15:53:57 7 13123 5124 0 0 0 28 0 0 0
2000-04-06 16:03:57 7 13123 5124 0 0 0 28 0 0 0
2000-04-06 16:13:57 7 13123 5124 0 0 0 29 0 0 0
2000-04-06 16:23:57 7 13068 5124 0 0 0 28 0 0 0
2000-04-06 16:33:57 7 13068 5124 0 0 0 27 0 0 0
2000-04-06 16:43:57 7 13068 5124 0 0 0 28 0 0 0
2000-04-06 16:53:57 7 13068 5124 0 0 0 28 0 0 0
2000-04-06 17:03:57 7 13068 5124 0 0 0 27 0 0 0
2000-04-06 17:13:57 7 13068 5124 0 0 0 28 0 0 0
2000-04-06 17:23:57 7 13068 5124 0 0 0 28 0 0 0
2000-04-06 17:33:57 7 13068 5124 0 0 0 28 0 0 0
2000-04-06 17:43:57 7 13068 5124 0 0 0 27 0 0 0
2000-04-06 17:53:57 7 13068 5124 0 0 0 28 0 0 0
2000-04-06 18:03:57 7 13068 5124 0 0 0 28 0 0 0
2000-04-06 18:13:57 7 13068 5124 0 0 0 28 0 0 0
2000-04-06 18:23:57 7 13068 5124 0 0 0 28 0 0 0
2000-04-06 18:33:57 7 13068 5124 0 0 0 28 0 0 0
2000-04-06 18:43:57 7 13068 5124 0 0 0 28 0 0 0
2000-04-06 18:53:57 7 13068 5124 0 0 0 28 0 0 0
2000-04-06 19:03:57 7 13068 5124 0 0 0 29 0 0 0
2000-04-06 19:13:57 7 13068 5124 0 0 0 28 0 0 0
2000-04-06 19:23:57 7 13068 5124 0 0 0 28 0 0 0
2000-04-06 19:33:57 7 13068 5124 0 0 0 28 0 0 0
2000-04-06 19:43:57 7 13068 5124 0 0 0 28 0 0 0
2000-04-06 19:53:57 7 13068 5124 0 0 0 28 0 0 0
2000-04-06 20:03:57 7 13068 5124 0 0 0 28 0 0 0
2000-04-06 20:13:57 7 13068 5124 110 0 0 27 0 55 0
2000-04-06 20:23:57 7 13068 5124 1188 0 0 29 0 858 0
2000-04-06 20:33:57 7 13068 5124 8173 0 0 29 2 7579 3
2000-04-06 20:43:57 7 13068 5063 12903 0 0 29 3 13706 5
2000-04-06 20:53:57 7 13068 5063 14784 0 0 29 5 16401 10
2000-04-06 21:03:57 7 13068 5063 14784 0 0 28 12 17853 17
2000-04-06 21:13:57 7 13123 5063 13706 0 0 29 22 18601 25
2000-04-06 21:23:57 7 13123 5063 13816 0 0 29 27 18821 30
2000-04-06 21:33:57 7 13123 5063 13761 0 0 29 31 19030 34
2000-04-06 21:43:57 7 13123 5063 13816 0 0 29 34 19195 38
2000-04-06 21:53:57 7 13123 5063 14091 0 0 29 39 19734 42
2000-04-06 22:03:57 7 13123 5063 14465 0 0 29 43 20218 45
2000-04-06 22:13:57 7 13123 5063 14674 0 0 29 45 20537 49
2000-04-06 22:23:57 7 13222 5063 15642 0 0 29 178 21340 270
2000-04-06 22:33:57 7 13442 5124 15917 0 0 29 427 21340 459
2000-04-06 22:43:57 7 13497 5124 16027 0 0 29 469 21241 512
2000-04-06 22:53:57 7 13387 5124 17908 0 0 29 308 21131 565
2000-04-06 23:03:57 7 13332 5124 18876 0 0 29 230 20966 614
2000-04-06 23:13:57 7 13607 5124 15807 0 0 29 607 21076 662
2000-04-06 23:23:57 7 13607 5124 15972 0 0 29 641 21021 710
2000-04-06 23:33:57 7 13651 5124 15917 0 0 29 677 20911 754
2000-04-06 23:43:57 7 13651 5124 15807 0 0 29 723 20911 797
2000-04-06 23:53:57 7 13706 5124 16126 0 0 29 727 20856 837
