Time ID V1 V2 V3 I1 I2 I3 I4 O1 O2
2000-03-22 00:03:57 7 13387 4880 15543 0 613 29 826 20911 889
2000-03-22 00:13:57 7 13387 4819 15642 0 611 29 846 20801 928
2000-03-22 00:23:57 7 13442 4880 15433 0 614 28 896 20757 963
2000-03-22 00:33:57 7 13442 4880 15378 0 634 29 911 20647 997
2000-03-22 00:43:57 7 13552 5002 15587 0 288 29 919 20592 1027
2000-03-22 00:53:57 7 13607 5124 15587 0 0 28 923 20482 1057
2000-03-22 01:03:57 7 13651 5124 15488 0 0 29 969 20427 1083
2000-03-22 01:13:57 7 13651 5124 15543 0 0 29 973 20372 1107
2000-03-22 01:23:57 7 13706 5124 15488 0 0 28 984 20273 1129
2000-03-22 01:33:57 7 13706 5124 15433 0 0 29 1017 20273 1147
2000-03-22 01:43:57 7 13706 5124 15587 0 0 28 978 20163 1165
2000-03-22 01:53:57 7 13761 5124 15433 0 0 28 1024 20163 1179
2000-03-22 02:03:57 7 13761 5124 15488 0 0 28 1000 20108 1193
2000-03-22 02:13:57 7 13706 5124 15697 0 0 28 982 20108 1199
2000-03-22 02:23:57 7 13761 5124 15543 0 0 28 1007 20108 1204
2000-03-22 02:33:57 7 13761 5124 15433 0 0 28 1010 19943 1208
2000-03-22 02:43:57 7 13761 5124 15433 0 0 28 1009 19998 1207
2000-03-22 02:53:57 7 13761 5124 15488 0 0 28 1014 20053 1201
2000-03-22 03:03:57 7 13761 5124 15433 0 0 28 1000 19998 1195
2000-03-22 03:13:57 7 13816 5124 15433 0 0 28 992 20053 1189
2000-03-22 03:23:57 7 13871 5124 15587 0 0 28 997 20108 1177
2000-03-22 03:33:57 7 13926 5124 16555 0 0 28 918 19998 1170
2000-03-22 03:43:57 7 14036 5124 17633 0 0 28 776 19844 1161
2000-03-22 03:53:57 7 14135 5124 18766 0 0 29 448 19888 1139
2000-03-22 04:03:57 7 14091 5063 19404 0 0 29 147 19734 1114
2000-03-22 04:13:57 7 13981 5063 19569 0 0 29 93 19789 1096
2000-03-22 04:23:57 7 13981 5124 19679 0 0 29 83 19844 1063
2000-03-22 04:33:57 7 14036 5124 19569 0 0 29 79 19789 1035
2000-03-22 04:43:57 7 14135 5124 19624 0 0 29 79 19844 1017
2000-03-22 04:53:57 7 14190 5124 19569 0 0 29 69 19789 989
2000-03-22 05:03:57 7 14190 5124 19569 0 0 29 60 19734 948
2000-03-22 05:13:57 7 14190 5124 19624 0 0 29 57 19789 919
2000-03-22 05:23:57 7 14190 5124 17633 0 0 29 59 18601 489
2000-03-22 05:33:57 7 14190 5124 19140 0 0 29 53 19844 531
2000-03-22 05:43:57 7 14245 5124 19734 0 0 29 51 20163 734
2000-03-22 05:53:57 7 14245 5124 19888 0 0 29 44 19998 732
2000-03-22 06:03:57 7 14245 5124 19844 0 0 29 39 19943 681
2000-03-22 06:13:57 7 14245 5124 19404 0 0 29 38 19514 435
2000-03-22 06:23:57 7 14245 5124 20053 0 0 29 37 20218 577
2000-03-22 06:33:57 7 14245 5124 19943 0 0 29 37 20108 524
2000-03-22 06:43:57 7 14245 5124 19624 0 0 29 37 19734 399
2000-03-22 06:53:57 7 14135 5124 14729 0 0 28 34 17424 42
2000-03-22 07:03:57 7 13981 5124 14619 0 0 28 32 17743 38
2000-03-22 07:13:57 7 13816 5124 14410 0 0 28 30 17798 35
2000-03-22 07:23:57 7 13706 5124 14300 0 0 28 27 17743 31
2000-03-22 07:33:57 7 13552 5124 14190 0 0 28 24 17633 28
2000-03-22 07:43:57 7 13442 5124 14036 0 0 27 20 17424 24
2000-03-22 07:53:57 7 13332 5124 13816 0 0 28 16 17039 19
2000-03-22 08:03:57 7 13277 5124 13761 0 0 28 10 16291 13
2000-03-22 08:13:57 7 13222 5124 13442 0 0 27 5 14520 7
2000-03-22 08:23:57 7 13167 5124 11396 0 0 27 3 10758 4
2000-03-22 08:33:57 7 13167 5124 3652 0 0 27 1 2629 2
2000-03-22 08:43:57 7 13123 5124 374 0 0 27 0 264 0
2000-03-22 08:53:57 7 13123 5124 0 0 0 27 0 0 0
2000-03-22 09:03:57 7 13123 5124 0 0 0 27 0 0 0
2000-03-22 09:13:57 7 12958 5063 0 245 0 27 0 0 0
2000-03-22 09:23:57 7 12958 5063 0 266 0 27 0 0 0
2000-03-22 09:33:57 7 12958 5063 0 265 0 28 0 0 0
2000-03-22 09:43:57 7 12958 5063 0 265 0 27 0 0 0
2000-03-22 09:53:57 7 12958 5063 0 265 0 27 0 0 0
2000-03-22 10:03:57 7 12958 5063 0 264 0 27 0 0 0
2000-03-22 10:13:57 7 12958 5063 0 266 0 27 0 0 0
2000-03-22 10:23:57 7 12958 5063 0 265 0 27 0 0 0
2000-03-22 10:33:57 7 12958 5063 0 265 0 27 0 0 0
2000-03-22 10:43:57 7 12958 5063 0 264 0 27 0 0 0
2000-03-22 10:53:57 7 12958 5063 0 264 0 28 0 0 0
2000-03-22 11:03:57 7 12958 5063 0 259 0 27 0 0 0
2000-03-22 11:13:57 7 12958 5063 0 263 0 28 0 0 0
2000-03-22 11:23:57 7 12958 5063 0 261 0 28 0 0 0
2000-03-22 11:33:57 7 12958 5063 0 262 0 27 0 0 0
2000-03-22 11:43:57 7 12958 5063 0 262 0 27 0 0 0
2000-03-22 11:53:57 7 12958 5063 0 261 0 27 0 0 0
2000-03-22 12:03:57 7 12958 5063 0 261 0 27 0 0 0
2000-03-22 12:13:57 7 12958 5063 0 261 0 28 0 0 0
2000-03-22 12:23:57 7 12958 5063 0 261 0 28 0 0 0
2000-03-22 12:33:57 7 12958 5063 0 261 0 27 0 0 0
2000-03-22 12:43:57 7 12903 5063 0 261 0 28 0 0 0
2000-03-22 12:53:57 7 12903 5063 0 261 0 28 0 0 0
2000-03-22 13:03:57 7 12903 5063 0 261 0 28 0 0 0
2000-03-22 13:13:57 7 12903 5063 0 261 0 28 0 0 0
2000-03-22 13:23:57 7 12903 5063 0 261 0 28 0 0 0
2000-03-22 13:33:57 7 12903 5063 0 250 0 27 0 0 0
2000-03-22 13:43:57 7 13068 5124 0 0 0 27 0 0 0
2000-03-22 13:53:57 7 13123 5124 0 0 0 27 0 0 0
2000-03-22 14:03:57 7 13123 5124 0 0 0 27 0 0 0
2000-03-22 14:13:57 7 13123 5124 0 0 0 27 0 0 0
2000-03-22 14:23:57 7 13123 5124 0 0 0 27 0 0 0
2000-03-22 14:33:57 7 13123 5124 0 0 0 26 0 0 0
2000-03-22 14:43:57 7 13123 5124 0 0 0 27 0 0 0
2000-03-22 14:53:57 7 13123 5124 0 0 0 27 0 0 0
2000-03-22 15:03:57 7 13123 5124 0 0 0 27 0 0 0
2000-03-22 15:13:57 7 13123 5124 0 0 0 28 0 0 0
2000-03-22 15:23:57 7 13123 5124 0 0 0 27 0 0 0
2000-03-22 15:33:57 7 13123 5124 0 0 0 27 0 0 0
2000-03-22 15:43:57 7 13123 5124 0 0 0 27 0 0 0
2000-03-22 15:53:57 7 13123 5124 0 0 0 27 0 0 0
2000-03-22 16:03:57 7 13123 5124 0 0 0 28 0 0 0
2000-03-22 16:13:57 7 13123 5124 0 0 0 27 0 0 0
2000-03-22 16:23:57 7 13123 5124 0 0 0 27 0 0 0
2000-03-22 16:33:57 7 13123 5124 0 0 0 28 0 0 0
2000-03-22 16:43:57 7 13123 5124 0 0 0 27 0 0 0
2000-03-22 16:53:57 7 13123 5124 0 0 0 28 0 0 0
2000-03-22 17:03:57 7 13123 5124 0 0 0 26 0 0 0
2000-03-22 17:13:57 7 13123 5124 0 0 0 27 0 0 0
2000-03-22 17:23:57 7 13123 5124 0 0 0 27 0 0 0
2000-03-22 17:33:57 7 13123 5124 0 0 0 27 0 0 0
2000-03-22 17:43:57 7 13123 5124 0 0 0 28 0 0 0
2000-03-22 17:53:57 7 13123 5124 0 0 0 27 0 0 0
2000-03-22 18:03:57 7 13123 5124 0 0 0 28 0 0 0
2000-03-22 18:13:57 7 13123 5124 0 0 0 27 0 0 0
2000-03-22 18:23:57 7 13123 5124 0 0 0 28 0 0 0
2000-03-22 18:33:57 7 13123 5124 0 0 0 27 0 0 0
2000-03-22 18:43:57 7 13123 5124 0 0 0 28 0 0 0
2000-03-22 18:53:57 7 13123 5124 0 0 0 27 0 0 0
2000-03-22 19:03:57 7 13123 5124 0 0 0 28 0 0 0
2000-03-22 19:13:57 7 13123 5124 0 0 0 28 0 0 0
2000-03-22 19:23:57 7 13123 5124 0 0 0 28 0 0 0
2000-03-22 19:33:57 7 13123 5124 0 0 0 28 0 0 0
2000-03-22 19:43:57 7 13123 5124 0 0 0 28 0 0 0
2000-03-22 19:53:57 7 13123 5124 0 0 0 28 0 0 0
2000-03-22 20:03:57 7 13123 5124 0 0 0 28 0 0 0
2000-03-22 20:13:57 7 13123 5124 264 0 0 27 0 220 0
2000-03-22 20:23:57 7 13123 5124 2794 0 0 28 0 2310 1
2000-03-22 20:33:57 7 13123 5124 11242 0 0 29 3 10967 4
2000-03-22 20:43:57 7 13123 5063 13552 0 0 29 4 15213 7
2000-03-22 20:53:57 7 13123 5063 16346 0 0 29 5 17259 14
2000-03-22 21:03:57 7 13123 5124 16126 0 0 29 13 18282 23
2000-03-22 21:13:57 7 13123 5063 13816 0 0 29 27 18711 29
2000-03-22 21:23:57 7 13123 5063 13816 0 0 29 32 18975 35
2000-03-22 21:33:57 7 13123 5063 13871 0 0 29 37 19250 39
2000-03-22 21:43:57 7 13123 5063 14036 0 0 29 41 19514 44
2000-03-22 21:53:57 7 13167 5063 14839 0 0 29 62 20647 80
2000-03-22 22:03:57 7 13277 5124 15587 0 0 29 236 21186 280
2000-03-22 22:13:57 7 13387 5124 16071 0 0 29 303 21131 350
2000-03-22 22:23:57 7 13332 5124 17424 0 0 29 254 21021 404
2000-03-22 22:33:57 7 13442 5124 15697 0 0 29 414 20966 457
2000-03-22 22:43:57 7 13497 5124 15642 0 0 28 467 20966 511
2000-03-22 22:53:57 7 13497 5124 15807 0 0 29 501 20966 562
2000-03-22 23:03:57 7 13552 5124 16071 0 0 29 530 20911 612
2000-03-22 23:13:57 7 13552 5124 15697 0 0 29 602 20911 660
2000-03-22 23:23:57 7 13607 5124 15752 0 0 29 637 20911 707
2000-03-22 23:33:57 7 13607 5124 16291 0 0 29 593 20757 755
2000-03-22 23:43:57 7 13651 5124 15697 0 0 29 711 20647 800
2000-03-22 23:53:57 7 13651 5124 15862 0 0 29 734 20702 842
