Time ID V1 V2 V3 I1 I2 I3 I4 O1 O2
2000-03-26 00:04:08 44 13552 4758 16610 0 119 26 469 22099 492
2000-03-26 00:14:08 44 13497 4758 16346 0 115 26 377 21934 392
2000-03-26 00:24:08 44 13442 4758 16291 0 116 26 299 21824 305
2000-03-26 00:34:08 44 13497 4758 16401 0 99 26 368 21934 383
2000-03-26 00:44:08 44 13332 4758 15488 0 105 26 144 21131 147
2000-03-26 00:54:08 44 13222 4758 15004 0 98 26 83 20647 86
2000-03-26 01:04:08 44 13222 4758 14355 0 112 26 49 20053 52
2000-03-26 01:14:08 44 13167 4758 14135 0 108 26 35 19569 39
2000-03-26 01:24:08 44 13167 4758 13761 0 104 26 21 18711 24
2000-03-26 01:34:08 44 13167 4758 13607 0 106 27 11 17369 14
2000-03-26 01:44:08 44 13123 4758 13123 0 87 26 4 14729 7
2000-03-26 01:54:08 44 13123 4758 10593 0 78 26 3 9735 4
2000-03-26 02:04:08 44 13068 5124 4730 202 9 25 1 3707 3
2000-03-26 02:14:08 44 13013 5185 484 227 0 25 0 319 0
2000-03-26 02:24:08 44 13013 5185 0 226 0 26 0 0 0
2000-03-26 02:34:08 44 13013 5185 0 243 0 25 0 0 0
2000-03-26 02:44:08 44 12958 5124 0 395 0 25 0 0 0
2000-03-26 02:54:08 44 12958 5124 0 395 0 25 0 0 0
2000-03-26 03:04:08 44 12958 5124 0 395 0 25 0 0 0
2000-03-26 03:14:08 44 12903 5124 0 395 0 25 0 0 0
2000-03-26 03:24:08 44 12903 5124 0 395 0 25 0 0 0
2000-03-26 03:34:08 44 12958 5124 0 344 0 25 0 0 0
2000-03-26 03:44:08 44 13013 5185 0 226 0 25 0 0 0
2000-03-26 03:54:08 44 13013 5185 0 226 0 25 0 0 0
2000-03-26 04:04:08 44 13013 5185 0 226 0 25 0 0 0
2000-03-26 04:14:08 44 13013 5185 0 226 0 25 0 0 0
2000-03-26 04:24:08 44 13013 5185 0 226 0 26 0 0 0
2000-03-26 04:34:08 44 13013 5185 0 226 0 26 0 0 0
2000-03-26 04:44:08 44 13013 5185 0 226 0 25 0 0 0
2000-03-26 04:54:08 44 13013 5185 0 226 0 25 0 0 0
2000-03-26 05:04:08 44 13013 5185 0 226 0 25 0 0 0
2000-03-26 05:14:08 44 13068 5185 0 90 0 25 0 0 0
2000-03-26 05:24:08 44 13123 5185 0 0 0 25 0 0 0
2000-03-26 05:34:08 44 13123 5185 0 0 0 25 0 0 0
2000-03-26 05:44:08 44 13123 5185 0 0 0 25 0 0 0
2000-03-26 05:54:08 44 13123 5185 0 0 0 25 0 0 0
2000-03-26 06:04:08 44 13123 5185 0 0 0 26 0 0 0
2000-03-26 06:14:08 44 13123 5185 0 0 0 25 0 0 0
2000-03-26 06:24:08 44 13123 5185 0 0 0 26 0 0 0
2000-03-26 06:34:08 44 13123 5185 0 0 0 26 0 0 0
2000-03-26 06:44:08 44 13123 5185 0 0 0 25 0 0 0
2000-03-26 06:54:08 44 13123 5185 0 -1 0 25 0 0 0
2000-03-26 07:04:08 44 13123 5185 0 0 0 25 0 0 0
2000-03-26 07:14:08 44 13123 5185 0 0 0 25 0 0 0
2000-03-26 07:24:08 44 13123 5185 0 0 0 25 0 0 0
2000-03-26 07:34:08 44 13123 5185 0 0 0 26 0 0 0
2000-03-26 07:44:08 44 13068 5185 0 66 0 25 0 0 0
2000-03-26 07:54:08 44 13123 5185 0 0 0 25 0 0 0
2000-03-26 08:04:08 44 13123 5185 0 0 0 25 0 0 0
2000-03-26 08:14:08 44 13123 5185 0 0 0 25 0 0 0
2000-03-26 08:24:08 44 13123 5185 0 0 0 25 0 0 0
2000-03-26 08:34:08 44 13123 5185 0 -1 0 25 0 0 0
2000-03-26 08:44:08 44 13123 5185 0 0 0 25 0 0 0
2000-03-26 08:54:08 44 13123 5185 0 0 0 25 0 0 0
2000-03-26 09:04:08 44 13123 5185 0 0 0 25 0 0 0
2000-03-26 09:14:08 44 13123 5185 0 0 0 25 0 0 0
2000-03-26 09:24:08 44 13123 5185 0 0 0 25 0 0 0
2000-03-26 09:34:08 44 13123 5185 0 0 0 25 0 0 0
2000-03-26 09:44:08 44 13123 5185 0 0 0 25 0 0 0
2000-03-26 09:54:08 44 13123 5185 0 0 0 25 0 0 0
2000-03-26 10:04:08 44 13123 5185 0 0 0 25 0 0 0
2000-03-26 10:14:08 44 13123 5185 0 0 0 25 0 0 0
2000-03-26 10:24:08 44 13123 5185 0 0 0 26 0 0 0
2000-03-26 10:34:08 44 13123 5185 0 0 0 25 0 0 0
2000-03-26 10:44:08 44 13123 5185 0 -1 0 25 0 0 0
2000-03-26 10:54:08 44 13123 5185 0 0 0 25 0 0 0
2000-03-26 11:04:08 44 13123 5185 0 0 0 26 0 0 0
2000-03-26 11:14:08 44 13123 5185 0 0 0 25 0 0 0
2000-03-26 11:24:08 44 13123 5185 0 0 0 25 0 0 0
2000-03-26 11:34:08 44 13123 5185 0 0 0 25 0 0 0
2000-03-26 11:44:08 44 13123 5185 0 -1 0 25 0 0 0
2000-03-26 11:54:08 44 13123 5185 0 0 0 25 0 0 0
2000-03-26 12:04:08 44 13123 5185 0 0 0 25 0 0 0
2000-03-26 12:14:08 44 13123 5185 0 0 0 25 0 0 0
2000-03-26 12:24:08 44 13123 5185 0 0 0 26 0 0 0
2000-03-26 12:34:08 44 13068 5185 0 69 0 25 0 0 0
2000-03-26 12:44:08 44 13123 5185 0 0 0 25 0 0 0
2000-03-26 12:54:08 44 13123 5185 0 0 0 26 0 0 0
2000-03-26 13:04:08 44 13068 5185 0 105 0 25 0 0 0
2000-03-26 13:14:08 44 12958 5124 0 234 0 25 0 0 0
2000-03-26 13:24:08 44 12958 5124 0 232 0 25 0 0 0
2000-03-26 13:34:08 44 12958 5063 0 230 15 25 0 0 0
2000-03-26 13:44:08 44 12903 4758 0 230 67 26 0 0 0
2000-03-26 13:54:08 44 12903 4758 0 230 66 25 0 0 0
2000-03-26 14:04:08 44 12903 4758 0 230 62 25 0 0 0
2000-03-26 14:14:08 44 12903 4758 55 230 65 25 0 55 0
2000-03-26 14:24:08 44 12903 4758 1397 230 61 26 0 1232 1
2000-03-26 14:34:08 44 12903 4758 8657 230 67 26 2 8173 3
2000-03-26 14:44:08 44 12903 4758 12683 230 64 26 3 13651 5
2000-03-26 14:54:08 44 12958 4758 13222 38 60 26 7 16720 10
2000-03-26 15:04:08 44 13013 4758 13706 0 63 26 18 18920 22
2000-03-26 15:14:08 44 13068 4758 13926 0 61 26 33 19943 36
2000-03-26 15:24:08 44 13068 4758 14190 0 65 26 41 20273 44
2000-03-26 15:34:08 44 13068 4758 14520 0 65 26 54 20592 59
2000-03-26 15:44:08 44 13123 4758 15004 0 67 26 77 21076 82
2000-03-26 15:54:08 44 13123 4758 15059 0 64 26 87 21186 91
2000-03-26 16:04:08 44 13123 4758 15103 0 72 26 90 21186 95
2000-03-26 16:14:08 44 13123 4758 15158 0 76 26 93 21186 99
2000-03-26 16:24:08 44 13167 4758 15697 0 73 26 140 21615 150
2000-03-26 16:34:08 44 13222 4758 16071 0 77 26 214 21934 226
2000-03-26 16:44:08 44 13332 4758 16236 0 77 27 311 22154 329
2000-03-26 16:54:08 44 13442 5124 16346 0 9 26 374 22209 402
2000-03-26 17:04:08 44 13497 5185 17952 0 0 27 434 22363 581
2000-03-26 17:14:08 44 13497 5185 18337 0 0 26 414 22308 629
2000-03-26 17:24:08 44 13607 5185 16665 0 0 26 633 22418 674
2000-03-26 17:34:08 44 13607 5185 16830 0 0 26 666 22418 719
2000-03-26 17:44:08 44 13651 5185 16610 0 0 26 710 22363 762
2000-03-26 17:54:08 44 13651 5185 16720 0 0 26 742 22253 805
2000-03-26 18:04:08 44 13651 5185 16720 0 0 26 768 22154 846
2000-03-26 18:14:08 44 13706 5246 16775 0 0 26 804 22209 883
2000-03-26 18:24:08 44 13442 5185 19998 0 0 26 332 22099 918
2000-03-26 18:34:08 44 13651 5246 17204 0 0 26 775 22099 952
2000-03-26 18:44:08 44 13761 5246 16720 -1 0 26 893 22099 983
2000-03-26 18:54:08 44 13761 5246 16885 0 0 26 902 22154 1012
2000-03-26 19:04:08 44 13816 5246 16775 0 0 26 940 22209 1038
2000-03-26 19:14:08 44 13871 5246 17094 0 0 26 935 22209 1063
2000-03-26 19:24:08 44 13981 5246 16940 0 0 27 971 22099 1086
2000-03-26 19:34:08 44 14091 5185 19459 0 0 26 738 22099 1106
2000-03-26 19:44:08 44 14036 5185 21076 0 0 26 307 21934 1125
2000-03-26 19:54:08 44 14190 5185 21505 -1 0 26 208 21879 1141
2000-03-26 20:04:08 44 14190 5185 21615 0 0 25 145 21879 1155
2000-03-26 20:14:08 44 14190 5185 21615 0 0 27 110 21824 1165
2000-03-26 20:24:08 44 14190 5185 21560 0 0 26 84 21725 1174
2000-03-26 20:34:08 44 14190 5185 21560 0 0 26 68 21725 1183
2000-03-26 20:44:08 44 14190 5185 21560 0 0 26 58 21670 1186
2000-03-26 20:54:08 44 14245 5185 21670 0 0 26 51 21725 1186
2000-03-26 21:04:08 44 14190 5185 21670 0 0 26 48 21769 1185
2000-03-26 21:14:08 44 14190 5185 21670 0 0 27 45 21769 1184
2000-03-26 21:24:08 44 14190 5185 21615 0 0 26 43 21670 1179
2000-03-26 21:34:08 44 14190 5185 21615 0 0 26 41 21725 1171
2000-03-26 21:44:08 44 14190 5185 21670 0 0 26 40 21769 1159
2000-03-26 21:54:08 44 14190 5185 21670 0 0 27 38 21725 1148
2000-03-26 22:04:08 44 14190 5185 21725 0 0 27 38 21769 1134
2000-03-26 22:14:08 44 14190 5185 21725 -1 0 27 37 21769 1115
2000-03-26 22:24:08 44 14190 5185 21725 0 0 26 36 21769 1094
2000-03-26 22:34:08 44 14190 5185 21725 0 0 27 36 21769 1070
2000-03-26 22:44:08 44 14190 5185 21670 0 0 27 36 21725 1042
2000-03-26 22:54:08 44 14190 5185 21725 0 0 26 35 21769 1013
2000-03-26 23:04:08 44 14190 5185 21615 0 0 26 34 21725 981
2000-03-26 23:14:08 44 14190 5185 21725 0 0 27 34 21769 946
2000-03-26 23:24:08 44 14190 5185 21670 0 0 26 34 21769 907
2000-03-26 23:34:08 44 14190 5185 21725 0 0 27 33 21769 865
2000-03-26 23:44:08 44 14190 5185 21769 0 0 27 33 21879 822
2000-03-26 23:54:08 44 14190 5185 21824 0 0 26 33 21879 773
