Time ID V1 V2 V3 I1 I2 I3 I4 O1 O2
2000-02-13 00:04:25 44 14135 4758 20702 -1 12 26 49 20856 776
2000-02-13 00:14:25 44 14135 4758 20757 0 28 26 47 20911 724
2000-02-13 00:24:25 44 14091 4758 20702 0 102 26 88 20911 667
2000-02-13 00:34:25 44 14190 4758 20856 -1 1 27 40 20966 611
2000-02-13 00:44:25 44 14135 4758 20757 -1 64 27 61 20966 546
2000-02-13 00:54:25 44 14091 4758 19998 -1 92 27 81 20482 331
2000-02-13 01:04:25 44 14091 4758 20537 0 74 26 76 20966 365
2000-02-13 01:14:25 44 13981 4758 15587 0 68 26 57 19085 70
2000-02-13 01:24:25 44 13651 4758 14465 0 72 26 36 18766 41
2000-02-13 01:34:25 44 13442 4758 14135 0 70 26 29 18491 32
2000-02-13 01:44:25 44 13277 4758 13871 0 68 26 18 17743 21
2000-02-13 01:54:25 44 13167 4758 13607 0 71 26 9 16291 12
2000-02-13 02:04:25 44 13123 4758 12529 -1 67 26 4 12903 6
2000-02-13 02:14:25 44 13123 4758 5269 0 64 26 1 4136 2
2000-02-13 02:24:25 44 13013 4758 704 280 70 26 0 484 0
2000-02-13 02:34:25 44 12958 4758 55 393 68 27 0 55 0
2000-02-13 02:44:25 44 12958 4880 0 391 44 27 0 0 0
2000-02-13 02:54:25 44 12958 5185 0 391 0 27 0 0 0
2000-02-13 03:04:25 44 12958 5185 0 391 0 26 0 0 0
2000-02-13 03:14:25 44 12958 5185 0 391 0 25 0 0 0
2000-02-13 03:24:25 44 12903 5185 0 391 0 26 0 0 0
2000-02-13 03:34:25 44 12903 5185 0 392 0 26 0 0 0
2000-02-13 03:44:25 44 12903 5185 0 393 0 26 0 0 0
2000-02-13 03:54:25 44 12903 5185 0 393 0 27 0 0 0
2000-02-13 04:04:25 44 12903 5185 0 393 0 26 0 0 0
2000-02-13 04:14:25 44 12903 5185 0 393 0 26 0 0 0
2000-02-13 04:24:25 44 12903 5185 0 393 0 26 0 0 0
2000-02-13 04:34:25 44 12903 5185 0 393 0 26 0 0 0
2000-02-13 04:44:25 44 12903 5185 0 393 0 26 0 0 0
2000-02-13 04:54:25 44 12903 5185 0 393 0 26 0 0 0
2000-02-13 05:04:25 44 12903 5185 0 393 0 26 0 0 0
2000-02-13 05:14:25 44 12903 5185 0 393 0 26 0 0 0
2000-02-13 05:24:25 44 12903 5185 0 393 0 26 0 0 0
2000-02-13 05:34:25 44 13013 5185 0 206 0 26 0 0 0
2000-02-13 05:44:25 44 13013 5185 0 163 0 26 0 0 0
2000-02-13 05:54:25 44 13013 5185 0 163 0 26 0 0 0
2000-02-13 06:04:25 44 13013 4819 0 164 5 26 0 0 0
2000-02-13 06:14:25 44 13013 4758 0 164 82 26 0 0 0
2000-02-13 06:24:25 44 12958 4697 0 164 168 26 0 0 0
2000-02-13 06:34:25 44 12958 4697 0 164 181 27 0 0 0
2000-02-13 06:44:25 44 12958 4697 0 164 180 26 0 0 0
2000-02-13 06:54:25 44 12958 4697 0 164 190 26 0 0 0
2000-02-13 07:04:25 44 12958 4697 0 164 180 25 0 0 0
2000-02-13 07:14:25 44 12958 4697 0 164 185 26 0 0 0
2000-02-13 07:24:25 44 12958 4697 0 164 180 26 0 0 0
2000-02-13 07:34:25 44 12903 4697 0 164 196 26 0 0 0
2000-02-13 07:44:25 44 12903 4697 0 164 200 26 0 0 0
2000-02-13 07:54:25 44 12903 4697 0 165 200 25 0 0 0
2000-02-13 08:04:25 44 12903 4697 0 165 191 26 0 0 0
2000-02-13 08:14:25 44 12903 4697 0 165 198 26 0 0 0
2000-02-13 08:24:25 44 12903 4697 0 165 190 26 0 0 0
2000-02-13 08:34:25 44 12903 4697 0 165 199 26 0 0 0
2000-02-13 08:44:25 44 12848 4697 0 165 198 26 0 0 0
2000-02-13 08:54:25 44 12848 4697 0 165 199 26 0 0 0
2000-02-13 09:04:25 44 12848 4697 0 165 201 26 0 0 0
2000-02-13 09:14:25 44 12848 4697 0 165 200 26 0 0 0
2000-02-13 09:24:25 44 12848 4697 0 165 188 26 0 0 0
2000-02-13 09:34:25 44 12848 4697 0 165 196 25 0 0 0
2000-02-13 09:44:25 44 12848 4697 0 165 197 25 0 0 0
2000-02-13 09:54:25 44 12848 4697 0 165 193 26 0 0 0
2000-02-13 10:04:25 44 12848 4697 0 166 194 26 0 0 0
2000-02-13 10:14:25 44 12793 4697 0 166 197 26 0 0 0
2000-02-13 10:24:25 44 12793 4697 0 166 206 25 0 0 0
2000-02-13 10:34:25 44 12793 4697 0 166 195 26 0 0 0
2000-02-13 10:44:25 44 12793 4697 0 166 180 26 0 0 0
2000-02-13 10:54:25 44 12793 4697 0 166 210 26 0 0 0
2000-02-13 11:04:25 44 12793 4697 0 166 198 25 0 0 0
2000-02-13 11:14:25 44 12793 4697 0 166 205 25 0 0 0
2000-02-13 11:24:25 44 12793 4697 0 166 211 26 0 0 0
2000-02-13 11:34:25 44 12793 4697 0 166 203 25 0 0 0
2000-02-13 11:44:25 44 12793 4697 0 166 208 26 0 0 0
2000-02-13 11:54:25 44 12793 4697 0 166 202 26 0 0 0
2000-02-13 12:04:25 44 12793 4697 0 166 197 26 0 0 0
2000-02-13 12:14:25 44 12793 4697 0 166 192 26 0 0 0
2000-02-13 12:24:25 44 12793 4697 0 166 198 26 0 0 0
2000-02-13 12:34:25 44 12793 4697 0 166 186 25 0 0 0
2000-02-13 12:44:25 44 12793 4697 0 166 188 26 0 0 0
2000-02-13 12:54:25 44 12793 4697 0 166 197 26 0 0 0
2000-02-13 13:04:25 44 12793 4758 0 166 170 26 0 0 0
2000-02-13 13:14:25 44 12793 5185 0 229 0 26 0 0 0
2000-02-13 13:24:25 44 12738 5124 0 400 7 26 0 0 0
2000-02-13 13:34:25 44 12683 4758 0 399 53 27 0 0 0
2000-02-13 13:44:25 44 12683 4758 0 399 54 27 0 0 0
2000-02-13 13:54:25 44 12683 4758 0 399 68 26 0 0 0
2000-02-13 14:04:25 44 12683 4758 429 399 57 27 0 374 0
2000-02-13 14:14:25 44 12683 4697 4081 386 154 26 1 3597 2
2000-02-13 14:24:25 44 12793 4697 11715 119 187 26 3 11880 4
2000-02-13 14:34:25 44 12903 4697 13123 0 182 27 7 16346 10
2000-02-13 14:44:25 44 12903 4697 13442 0 179 27 16 18227 19
2000-02-13 14:54:25 44 12903 4697 13651 -1 178 26 26 19250 28
2000-02-13 15:04:25 44 12903 4697 14091 -1 176 27 37 20163 42
2000-02-13 15:14:25 44 12903 4758 14729 0 168 27 82 20801 95
2000-02-13 15:24:25 44 12958 4697 15103 0 279 27 128 21076 136
2000-02-13 15:34:25 44 12958 4697 15488 0 293 27 161 21241 172
2000-02-13 15:44:25 44 12958 4697 15378 0 293 27 198 21285 209
2000-02-13 15:54:25 44 13013 4697 15378 0 293 28 244 21285 257
2000-02-13 16:04:25 44 13068 4697 15587 0 293 27 290 21340 309
2000-02-13 16:14:25 44 13068 4697 15488 0 293 27 342 21340 362
2000-02-13 16:24:25 44 13167 5063 15642 0 78 27 391 21340 416
2000-02-13 16:34:25 44 13123 5185 18656 0 0 27 211 21340 470
2000-02-13 16:44:25 44 13123 5185 12529 0 0 27 240 14894 361
2000-02-13 16:54:25 44 13167 5124 14300 4 69 27 431 19195 520
2000-02-13 17:04:25 44 13222 4697 15862 -1 465 26 581 21450 624
2000-02-13 17:14:25 44 13222 4697 15807 0 435 26 615 21560 674
2000-02-13 17:24:25 44 13277 4697 15752 -1 380 25 672 21505 722
2000-02-13 17:34:25 44 13277 4697 15697 -1 382 27 717 21450 766
2000-02-13 17:44:25 44 13332 4697 15642 -1 382 26 753 21450 809
2000-02-13 17:54:25 44 13332 4758 15642 0 368 26 790 21340 852
2000-02-13 18:04:25 44 13332 4697 15642 0 448 26 823 21340 890
2000-02-13 18:14:25 44 13332 4697 15697 -1 468 27 850 21340 928
2000-02-13 18:24:25 44 13332 4697 15752 -1 468 26 887 21340 963
2000-02-13 18:34:25 44 13387 4697 15917 0 468 26 916 21450 995
2000-02-13 18:44:25 44 13387 4697 15917 -1 467 26 943 21450 1026
2000-02-13 18:54:25 44 13387 4697 15917 0 466 26 967 21395 1056
2000-02-13 19:04:25 44 13442 4697 15807 0 465 27 988 21241 1085
2000-02-13 19:14:25 44 13442 4697 15697 -1 465 27 1016 21186 1109
2000-02-13 19:24:25 44 13497 4697 15752 -1 465 27 1038 21285 1131
2000-02-13 19:34:25 44 13497 4697 15697 0 456 27 1053 21131 1151
2000-02-13 19:44:25 44 13552 4697 15752 -1 439 26 1067 21241 1169
2000-02-13 19:54:25 44 13552 4697 15587 0 423 28 1094 21131 1186
2000-02-13 20:04:25 44 13552 4697 15543 -1 406 27 1104 21076 1199
2000-02-13 20:14:25 44 13552 4758 15752 0 389 26 1090 21131 1210
2000-02-13 20:24:25 44 13552 4758 15543 -1 383 27 1120 21021 1218
2000-02-13 20:34:25 44 13552 4758 15587 -1 372 28 1109 21021 1222
2000-02-13 20:44:25 44 13607 4758 15488 -1 327 27 1138 21076 1225
2000-02-13 20:54:25 44 13607 4758 15752 -1 293 27 1108 21021 1224
2000-02-13 21:04:25 44 13607 4758 15697 0 265 27 1105 20911 1224
2000-02-13 21:14:25 44 13651 4758 15917 -1 242 27 1083 21021 1218
2000-02-13 21:24:25 44 13651 4758 15917 -1 232 27 1080 21021 1213
2000-02-13 21:34:25 44 13761 4758 15862 0 214 27 1075 20966 1207
2000-02-13 21:44:25 44 13871 4758 15972 0 204 26 1061 21021 1196
2000-02-13 21:54:25 44 14036 4697 18975 -1 349 27 688 21021 1188
2000-02-13 22:04:25 44 14091 4697 20273 -1 392 27 321 20966 1179
2000-02-13 22:14:25 44 14091 4697 20372 -1 389 26 277 20911 1093
2000-02-13 22:24:25 44 14091 4697 20372 -1 386 27 251 20911 1164
2000-02-13 22:34:25 44 14036 4697 20537 0 386 26 217 20911 1122
2000-02-13 22:44:25 44 14091 4697 20372 0 384 26 220 20801 1070
2000-02-13 22:54:25 44 14036 4697 20482 0 385 27 195 20911 1036
2000-02-13 23:04:25 44 14036 4697 20372 -1 385 26 196 20801 1033
2000-02-13 23:14:25 44 14091 4697 20372 -1 385 26 184 20801 975
2000-02-13 23:24:25 44 14036 4697 20427 0 385 27 165 20856 929
2000-02-13 23:34:25 44 14091 4697 20372 0 341 27 158 20757 888
2000-02-13 23:44:25 44 14036 4758 20427 0 290 27 140 20801 839
2000-02-13 23:54:25 44 14091 4697 20427 -1 324 26 158 20856 796
