Time ID V1 V2 V3 I1 I2 I3 I4 O1 O2
2000-02-18 00:04:25 44 13013 4697 14839 -1 517 26 187 20537 200
2000-02-18 00:14:25 44 13013 4697 14894 0 429 27 164 20427 175
2000-02-18 00:24:25 44 13013 4697 14839 0 429 26 151 20427 162
2000-02-18 00:34:25 44 13013 4697 14729 0 426 27 148 20427 159
2000-02-18 00:44:25 44 13013 4697 15004 0 439 27 177 20647 191
2000-02-18 00:54:25 44 12958 4697 14520 0 427 27 112 20053 116
2000-02-18 01:04:25 44 12958 4697 14190 -1 434 27 67 19624 71
2000-02-18 01:14:25 44 12903 4697 13816 -2 476 27 45 19140 48
2000-02-18 01:24:25 44 12903 4697 13607 0 480 26 27 18392 30
2000-02-18 01:34:25 44 12903 4697 13387 -1 472 26 17 17369 19
2000-02-18 01:44:25 44 12848 4697 13222 -1 462 26 10 16027 13
2000-02-18 01:54:25 44 12903 4758 11825 -1 352 26 3 11770 5
2000-02-18 02:04:25 44 12903 4941 6930 -1 181 25 2 5863 3
2000-02-18 02:14:25 44 12738 5185 1133 370 0 26 0 748 0
2000-02-18 02:24:25 44 12683 5185 55 400 0 27 0 0 0
2000-02-18 02:34:25 44 12683 5185 0 400 0 27 0 0 0
2000-02-18 02:44:25 44 12683 5185 0 400 0 26 0 0 0
2000-02-18 02:54:25 44 12639 5185 0 401 0 26 0 0 0
2000-02-18 03:04:25 44 12639 5185 0 403 0 27 0 0 0
2000-02-18 03:14:25 44 12584 5185 0 403 0 26 0 0 0
2000-02-18 03:24:25 44 12584 5185 0 404 0 26 0 0 0
2000-02-18 03:34:25 44 12584 5185 0 404 0 26 0 0 0
2000-02-18 03:44:25 44 12584 5185 0 342 0 26 0 0 0
2000-02-18 03:54:25 44 12639 5185 0 169 0 26 0 0 0
2000-02-18 04:04:25 44 12639 5185 0 169 0 27 0 0 0
2000-02-18 04:14:25 44 12639 5185 0 169 0 27 0 0 0
2000-02-18 04:24:25 44 12639 5185 0 169 0 26 0 0 0
2000-02-18 04:34:25 44 12584 5185 0 169 0 26 0 0 0
2000-02-18 04:44:25 44 12584 5185 0 169 0 26 0 0 0
2000-02-18 04:54:25 44 12584 5185 0 169 0 27 0 0 0
2000-02-18 05:04:25 44 12584 5185 0 169 0 26 0 0 0
2000-02-18 05:14:25 44 12584 5185 0 169 0 26 0 0 0
2000-02-18 05:24:25 44 12529 5185 0 170 0 26 0 0 0
2000-02-18 05:34:25 44 12529 5185 0 170 0 27 0 0 0
2000-02-18 05:44:25 44 12529 5185 0 170 0 26 0 0 0
2000-02-18 05:54:25 44 12529 5185 0 170 0 27 0 0 0
2000-02-18 06:04:25 44 12474 5185 0 170 0 26 0 0 0
2000-02-18 06:14:25 44 12474 5185 0 170 0 26 0 0 0
2000-02-18 06:24:25 44 12474 5185 0 170 0 26 0 0 0
2000-02-18 06:34:25 44 12474 5185 0 170 0 26 0 0 0
2000-02-18 06:44:25 44 12474 5185 0 170 0 26 0 0 0
2000-02-18 06:54:25 44 12474 5185 0 170 0 26 0 0 0
2000-02-18 07:04:25 44 12474 5185 0 170 0 26 0 0 0
2000-02-18 07:14:25 44 12474 5185 0 171 0 26 0 0 0
2000-02-18 07:24:25 44 12419 5185 0 171 0 26 0 0 0
2000-02-18 07:34:25 44 12419 5185 0 171 0 26 0 0 0
2000-02-18 07:44:25 44 12419 5185 0 171 0 26 0 0 0
2000-02-18 07:54:25 44 12419 5185 0 171 0 27 0 0 0
2000-02-18 08:04:25 44 12419 5185 0 171 0 26 0 0 0
2000-02-18 08:14:25 44 12419 5185 0 171 0 27 0 0 0
2000-02-18 08:24:25 44 12419 5185 0 171 0 26 0 0 0
2000-02-18 08:34:25 44 12419 5185 0 171 0 26 0 0 0
2000-02-18 08:44:25 44 12364 5185 0 171 0 26 0 0 0
2000-02-18 08:54:25 44 12364 5185 0 172 0 26 0 0 0
2000-02-18 09:04:25 44 12364 5185 0 173 0 26 0 0 0
2000-02-18 09:14:25 44 12309 5185 0 173 0 26 0 0 0
2000-02-18 09:24:25 44 12254 5185 0 174 0 26 0 0 0
2000-02-18 09:34:25 44 12199 5185 0 174 0 26 0 0 0
2000-02-18 09:44:25 44 12155 5185 0 175 0 26 0 0 0
2000-02-18 09:54:25 44 12100 5185 0 175 0 26 0 0 0
2000-02-18 10:04:25 44 12045 5185 0 177 0 26 0 0 0
2000-02-18 10:14:25 44 11935 5185 0 178 0 26 0 0 0
2000-02-18 10:24:25 44 11825 5185 0 180 0 26 0 0 0
2000-02-18 10:34:25 44 11715 5185 0 181 0 26 0 0 0
2000-02-18 10:44:25 44 11561 5185 0 184 0 26 0 0 0
2000-02-18 10:54:25 44 11396 5185 0 186 0 27 0 0 0
2000-02-18 11:04:25 44 11187 5185 0 190 0 26 0 0 0
2000-02-18 14:18:31 44 0 0 0 0 0 0 0 0 0
2000-02-18 14:35:09 44 10802 5185 11187 0 0 23 3 12639 4
2000-02-18 18:37:30 44 0 0 0 0 0 0 0 0 0
2000-02-18 18:54:08 44 12958 5185 15488 0 0 24 341 21285 356
2000-02-18 19:04:08 44 12958 5185 16027 0 0 27 326 21395 379
2000-02-18 19:14:08 44 12958 5185 15752 0 0 27 370 21395 392
2000-02-18 19:24:08 44 12958 5185 15378 0 0 27 309 21186 323
2000-02-18 19:34:08 44 12958 5185 15488 0 0 27 370 21450 397
2000-02-18 19:44:08 44 13013 5185 15862 0 0 27 475 21560 501
2000-02-18 19:54:08 44 13013 5185 15433 0 0 27 336 21186 353
2000-02-18 20:04:08 44 13013 5185 15488 0 0 27 345 21285 369
2000-02-18 20:14:08 44 13013 5185 15488 0 0 28 343 21285 357
2000-02-18 20:24:08 44 13013 5185 15268 0 0 27 267 21131 279
2000-02-18 20:34:08 44 12958 5185 15488 0 0 27 216 21076 231
2000-02-18 20:44:08 44 12958 5185 15323 0 0 27 209 21021 222
2000-02-18 20:54:08 44 13013 5185 15268 0 0 27 206 21021 220
2000-02-18 21:04:08 44 13013 5185 15323 0 0 27 215 21076 229
2000-02-18 21:14:08 44 13013 5185 15543 0 0 28 191 20966 206
2000-02-18 21:24:08 44 13013 5185 15752 0 0 27 265 21285 296
2000-02-18 21:34:08 44 13068 5185 15488 0 0 27 291 21186 305
2000-02-18 21:44:08 44 13068 5185 15268 0 0 27 261 21131 279
2000-02-18 21:54:08 44 13123 5185 15752 0 0 27 345 21395 364
2000-02-18 22:04:08 44 13123 5124 15488 0 62 27 325 21340 347
2000-02-18 22:14:08 44 13068 4636 15543 0 461 26 405 21505 427
2000-02-18 22:24:08 44 13068 4636 15488 -1 467 26 386 21340 405
2000-02-18 22:34:08 44 13123 4941 16885 0 195 26 327 21395 407
2000-02-18 22:44:08 44 13123 5185 16291 0 0 26 367 21450 442
2000-02-18 22:54:08 44 13167 4758 15807 0 411 26 471 21395 482
2000-02-18 23:04:08 44 13068 4819 15642 0 321 26 329 21241 346
2000-02-18 23:14:08 44 13167 5185 15642 -1 0 26 290 21186 309
2000-02-18 23:24:08 44 13332 5246 16940 0 0 27 748 21769 869
2000-02-18 23:34:08 44 13442 5246 16181 0 0 26 895 21395 985
2000-02-18 23:44:08 44 13387 5185 16181 0 0 27 767 21340 863
2000-02-18 23:54:08 44 13332 5185 16291 0 1 27 708 21285 736
