Time ID V1 V2 V3 I1 I2 I3 I4 O1 O2
2000-03-31 00:04:08 44 14190 5185 21021 0 0 27 33 21131 750
2000-03-31 00:14:08 44 14190 5185 21021 0 0 27 32 21131 701
2000-03-31 00:24:08 44 14190 5185 21076 -1 0 27 33 21186 649
2000-03-31 00:34:08 44 14190 5185 21076 0 0 27 33 21131 594
2000-03-31 00:44:08 44 14190 5185 20966 -1 0 26 32 21021 535
2000-03-31 00:54:08 44 14190 5185 20911 0 0 27 32 21021 470
2000-03-31 01:04:08 44 14190 5185 20757 0 0 27 32 20856 400
2000-03-31 01:14:08 44 14190 5185 19140 0 0 28 34 19888 227
2000-03-31 01:24:08 44 13816 4758 14520 -1 74 27 30 18392 35
2000-03-31 01:34:08 44 13497 4758 14091 0 71 26 22 18062 25
2000-03-31 01:44:08 44 13277 4758 13871 -1 72 26 12 16940 15
2000-03-31 01:54:08 44 13167 4758 13167 0 71 26 5 14729 8
2000-03-31 02:04:08 44 13123 4758 11242 0 80 27 3 10538 4
2000-03-31 02:14:08 44 13123 4758 3278 0 77 26 0 2365 2
2000-03-31 02:24:08 44 13123 4758 374 0 80 26 0 319 0
2000-03-31 02:34:08 44 13013 4758 55 283 76 25 0 0 0
2000-03-31 02:44:08 44 12958 4758 0 394 77 26 0 0 0
2000-03-31 02:54:08 44 12958 4758 0 393 76 26 0 0 0
2000-03-31 03:04:08 44 12903 4819 0 394 198 25 0 0 0
2000-03-31 03:14:08 44 12903 4697 0 394 293 26 0 0 0
2000-03-31 03:24:08 44 12903 4697 0 394 292 25 0 0 0
2000-03-31 03:34:08 44 12903 4697 0 394 292 26 0 0 0
2000-03-31 03:44:08 44 12903 4697 0 394 292 26 0 0 0
2000-03-31 03:54:08 44 12903 4880 0 394 180 26 0 0 0
2000-03-31 04:04:08 44 12958 5185 0 393 0 27 0 0 0
2000-03-31 04:14:08 44 12958 5185 0 393 0 26 0 0 0
2000-03-31 04:24:08 44 12958 5185 0 393 0 26 0 0 0
2000-03-31 04:34:08 44 12903 5185 0 393 0 26 0 0 0
2000-03-31 04:44:08 44 12903 5185 0 394 0 26 0 0 0
2000-03-31 04:54:08 44 12903 5185 0 394 0 26 0 0 0
2000-03-31 05:04:08 44 12903 5185 0 394 0 26 0 0 0
2000-03-31 05:14:08 44 12903 5185 0 394 0 26 0 0 0
2000-03-31 05:24:08 44 12903 5185 0 394 0 26 0 0 0
2000-03-31 05:34:08 44 12903 5185 0 394 0 26 0 0 0
2000-03-31 05:44:08 44 12903 5185 0 394 0 26 0 0 0
2000-03-31 05:54:08 44 12903 5185 0 394 0 26 0 0 0
2000-03-31 06:04:08 44 12903 5185 0 394 0 26 0 0 0
2000-03-31 06:14:08 44 12903 5185 0 394 0 26 0 0 0
2000-03-31 06:24:08 44 12903 5185 0 395 0 26 0 0 0
2000-03-31 06:34:08 44 12848 5185 0 395 0 26 0 0 0
2000-03-31 06:44:08 44 12848 5185 0 395 0 26 0 0 0
2000-03-31 06:54:08 44 12848 5185 0 396 0 26 0 0 0
2000-03-31 07:04:08 44 12848 5185 0 396 0 26 0 0 0
2000-03-31 07:14:08 44 12848 5185 0 396 0 26 0 0 0
2000-03-31 07:24:08 44 12903 5185 0 196 0 26 0 0 0
2000-03-31 07:34:08 44 12903 5185 0 165 0 26 0 0 0
2000-03-31 07:44:08 44 12903 5185 0 165 0 26 0 0 0
2000-03-31 07:54:08 44 12903 5185 0 165 0 26 0 0 0
2000-03-31 08:04:08 44 12903 5185 0 165 0 26 0 0 0
2000-03-31 08:14:08 44 12903 5185 0 165 0 26 0 0 0
2000-03-31 08:24:08 44 12903 5185 0 165 0 26 0 0 0
2000-03-31 08:34:08 44 12903 5185 0 165 0 26 0 0 0
2000-03-31 08:44:08 44 12903 5185 0 165 0 26 0 0 0
2000-03-31 08:54:08 44 12903 5185 0 165 0 26 0 0 0
2000-03-31 09:04:08 44 12903 5185 0 165 0 26 0 0 0
2000-03-31 09:14:08 44 12903 5185 0 166 0 26 0 0 0
2000-03-31 09:24:08 44 12903 5185 0 166 0 26 0 0 0
2000-03-31 09:34:08 44 12903 5185 0 166 0 26 0 0 0
2000-03-31 09:44:08 44 12903 5185 0 166 0 26 0 0 0
2000-03-31 09:54:08 44 12848 5185 0 166 0 26 0 0 0
2000-03-31 10:04:08 44 12848 5185 0 144 0 26 0 0 0
2000-03-31 10:14:08 44 12958 5185 0 0 0 26 0 0 0
2000-03-31 10:24:08 44 12958 5185 0 0 0 25 0 0 0
2000-03-31 10:34:08 44 12958 5185 0 -1 0 26 0 0 0
2000-03-31 10:44:08 44 12958 5185 0 -1 0 25 0 0 0
2000-03-31 10:54:08 44 12958 5185 0 0 0 26 0 0 0
2000-03-31 11:04:08 44 12958 5185 0 0 0 26 0 0 0
2000-03-31 11:14:08 44 12958 5185 0 0 0 25 0 0 0
2000-03-31 11:24:08 44 12958 5185 0 0 0 25 0 0 0
2000-03-31 11:34:08 44 12958 5185 0 0 0 25 0 0 0
2000-03-31 11:44:08 44 12958 5185 0 0 0 25 0 0 0
2000-03-31 11:54:08 44 12958 5185 0 0 0 25 0 0 0
2000-03-31 12:04:08 44 12958 5185 0 0 0 26 0 0 0
2000-03-31 12:14:08 44 12958 5185 0 0 0 25 0 0 0
2000-03-31 12:24:08 44 12958 5185 0 0 0 25 0 0 0
2000-03-31 12:34:08 44 12958 5185 0 0 0 25 0 0 0
2000-03-31 12:44:08 44 12958 5185 0 0 0 25 0 0 0
2000-03-31 12:54:08 44 12958 5185 0 0 0 25 0 0 0
2000-03-31 13:04:08 44 12958 5185 0 0 0 25 0 0 0
2000-03-31 13:14:08 44 12958 5185 0 0 0 25 0 0 0
2000-03-31 13:24:08 44 12958 5185 0 0 0 26 0 0 0
2000-03-31 13:34:08 44 12958 5124 0 0 9 26 0 0 0
2000-03-31 13:44:08 44 12958 4758 0 0 51 25 0 0 0
2000-03-31 13:54:08 44 12958 4758 0 0 51 26 0 0 0
2000-03-31 14:04:08 44 12958 4758 0 0 48 25 0 0 0
2000-03-31 14:14:08 44 12903 4758 319 0 198 25 0 264 0
2000-03-31 14:24:08 44 12848 4697 3113 0 338 26 0 2684 2
2000-03-31 14:34:08 44 12848 4697 10318 0 340 26 3 9944 4
2000-03-31 14:44:08 44 12848 4697 12793 0 340 27 4 14619 7
2000-03-31 14:54:08 44 12848 4697 13332 0 339 27 10 16940 13
2000-03-31 15:04:08 44 12848 4697 13497 0 338 27 17 18062 20
2000-03-31 15:14:08 44 12848 4697 13497 -1 339 28 24 18876 26
2000-03-31 15:24:08 44 12848 4697 13871 0 358 27 31 19844 33
2000-03-31 15:34:08 44 12848 4636 14465 0 430 27 43 20647 58
2000-03-31 15:44:08 44 12903 4636 15103 0 426 26 131 21076 154
2000-03-31 15:54:08 44 12958 4697 15488 0 413 27 194 21241 207
2000-03-31 16:04:08 44 13013 4697 15378 0 407 27 243 21395 256
2000-03-31 16:14:08 44 13013 4697 15543 0 413 28 288 21505 307
2000-03-31 16:24:08 44 13068 4697 15752 0 402 27 338 21560 358
2000-03-31 16:34:08 44 13123 4697 15752 0 389 28 389 21615 410
2000-03-31 16:44:08 44 13167 4697 15862 0 372 27 429 21615 461
2000-03-31 16:54:08 44 13222 4697 16071 0 368 27 470 21725 513
2000-03-31 17:04:08 44 13277 4697 16027 0 373 26 526 21769 563
2000-03-31 17:14:08 44 13277 4697 16027 0 375 27 574 21824 612
2000-03-31 17:24:08 44 13332 4697 16071 -1 355 28 617 21879 658
2000-03-31 17:34:08 44 13332 4697 15972 0 345 26 654 21879 704
2000-03-31 17:44:08 44 13387 4697 15972 0 350 27 699 21824 748
2000-03-31 17:54:08 44 13387 4697 16126 0 358 27 725 21824 793
2000-03-31 18:04:08 44 13442 4697 16236 0 372 27 758 21934 833
2000-03-31 18:14:08 44 13442 4697 16181 -1 340 27 790 21769 873
2000-03-31 18:24:08 44 13497 4697 16126 0 370 27 835 21725 908
2000-03-31 18:34:08 44 13497 4697 16027 0 359 27 854 21560 944
2000-03-31 18:44:08 44 13552 4697 16027 0 366 27 877 21560 976
2000-03-31 18:54:08 44 13552 4697 16126 0 363 28 916 21670 1006
2000-03-31 19:04:08 44 13552 4697 16126 0 370 27 947 21670 1037
2000-03-31 19:14:08 44 13552 4697 16071 -1 370 27 972 21725 1062
2000-03-31 19:24:08 44 13552 4697 16126 -1 340 27 986 21615 1086
2000-03-31 19:34:08 44 13607 4697 15972 0 264 27 1025 21725 1107
2000-03-31 19:44:08 44 13607 4758 16456 0 213 27 995 21615 1126
2000-03-31 19:54:08 44 13607 4758 16027 0 192 27 1043 21450 1144
2000-03-31 20:04:08 44 13651 4758 16071 0 174 27 1057 21450 1158
2000-03-31 20:14:08 44 13651 4758 16071 -1 150 27 1063 21395 1168
2000-03-31 20:24:08 44 13706 4758 16027 0 121 27 1068 21340 1177
2000-03-31 20:34:08 44 13761 4758 16071 0 100 27 1061 21285 1185
2000-03-31 20:44:08 44 13871 4819 16291 0 1 27 1032 21241 1190
2000-03-31 20:54:08 44 14091 4819 19085 -1 1 28 664 21285 1192
2000-03-31 21:04:08 44 14135 4819 20592 -1 1 27 237 21021 1193
2000-03-31 21:14:08 44 14190 4819 20757 0 1 27 154 21076 1193
2000-03-31 21:24:08 44 14190 4758 20856 -1 1 27 118 21076 1189
2000-03-31 21:34:08 44 14135 4758 20856 0 95 28 119 21131 1181
2000-03-31 21:44:08 44 14091 4697 20856 0 187 27 136 21131 1171
2000-03-31 21:54:08 44 14091 4758 20702 0 154 27 114 20911 1161
2000-03-31 22:04:08 44 14091 4758 20647 0 117 28 101 20856 1148
2000-03-31 22:14:08 44 14190 4758 20757 0 3 28 51 20801 1131
2000-03-31 22:24:08 44 14135 4758 20592 -1 89 27 78 20757 1111
2000-03-31 22:34:08 44 14190 5185 20702 0 0 28 40 20757 1087
2000-03-31 22:44:08 44 14190 5185 20801 0 0 27 34 20911 1062
2000-03-31 22:54:08 44 14190 5185 20801 -1 0 27 34 20856 1035
2000-03-31 23:04:08 44 14190 5185 20757 -1 0 27 34 20801 1004
2000-03-31 23:14:08 44 14135 4880 20482 0 158 27 94 20647 972
2000-03-31 23:24:08 44 14091 4697 20427 0 281 26 147 20801 932
2000-03-31 23:34:08 44 14091 4697 20427 -1 277 27 136 20757 889
2000-03-31 23:44:08 44 14091 4697 20537 0 290 26 146 20911 847
2000-03-31 23:54:08 44 14091 4697 20482 0 290 27 147 20856 802
