Time ID V1 V2 V3 I1 I2 I3 I4 O1 O2
2000-04-14 00:08:34 39 13123 5307 3817 -1 -1 27 2 3223 3
2000-04-14 00:18:34 39 13123 5307 4037 -1 -1 27 2 3443 3
2000-04-14 00:28:34 39 13123 5307 4081 -1 -1 27 2 3443 3
2000-04-14 00:38:34 39 13123 5307 3927 -1 -1 27 2 3333 3
2000-04-14 00:48:34 39 13123 5307 3597 -1 -1 27 2 2959 3
2000-04-14 00:58:34 39 13123 5307 3014 -1 -1 26 1 2420 3
2000-04-14 01:08:34 39 13123 5307 2530 -1 -1 28 1 1991 3
2000-04-14 01:18:34 39 13123 5307 2310 -1 -1 27 1 1771 3
2000-04-14 01:28:34 39 13123 5307 2200 -1 -1 28 0 1672 3
2000-04-14 01:38:34 39 13123 5307 1991 -1 -1 27 0 1507 3
2000-04-14 01:48:34 39 13123 5307 1771 -1 -1 27 0 1287 3
2000-04-14 01:58:34 39 13123 5307 1617 -1 -1 27 0 1188 2
2000-04-14 02:08:34 39 13123 5307 1507 -1 -1 27 0 1078 2
2000-04-14 02:18:34 39 13123 5307 1397 -1 -1 27 0 1023 2
2000-04-14 02:28:34 39 13123 5307 1342 -1 -1 27 0 968 2
2000-04-14 02:38:34 39 13123 5307 1342 -1 -1 28 0 968 2
2000-04-14 02:48:34 39 13123 5307 1287 -1 -1 27 0 913 2
2000-04-14 02:58:34 39 13123 5307 1232 -1 -1 27 0 858 2
2000-04-14 03:08:34 39 13123 5307 1188 -1 -1 26 0 858 2
2000-04-14 03:18:34 39 13123 5307 1133 -1 -1 27 0 803 1
2000-04-14 03:28:34 39 13123 5307 1133 -1 -1 28 0 803 2
2000-04-14 03:38:34 39 13123 5307 1078 -1 -1 27 0 748 1
2000-04-14 03:48:34 39 13123 5307 1023 -1 -1 27 0 748 2
2000-04-14 03:58:34 39 13123 5307 968 -1 -1 27 0 704 2
2000-04-14 04:08:34 39 13123 5307 913 -1 -1 27 0 704 1
2000-04-14 04:18:34 39 13123 5307 858 -1 -1 27 0 704 1
2000-04-14 04:28:34 39 13123 5307 858 -1 -1 27 0 649 1
2000-04-14 04:38:34 39 13123 5307 858 0 -1 27 0 649 2
2000-04-14 04:48:34 39 13123 5307 858 -1 -1 27 0 649 0
2000-04-14 04:58:34 39 13123 5307 803 -1 -1 26 0 649 1
2000-04-14 05:08:34 39 13123 5307 748 -1 -1 27 0 649 1
2000-04-14 05:18:34 39 13123 5307 704 -1 -1 26 0 594 0
2000-04-14 05:28:34 39 13123 5307 649 -1 -1 27 0 539 0
2000-04-14 05:38:34 39 13123 5307 2904 -1 -1 28 1 3113 1
2000-04-14 05:48:34 39 13123 5307 3553 4 -1 26 2 3388 2
2000-04-14 05:58:34 39 13123 5307 539 -1 -1 27 0 484 0
2000-04-14 06:08:34 39 13123 5307 484 -1 -1 27 0 429 0
2000-04-14 06:18:34 39 13123 5307 429 -1 -1 27 0 374 0
2000-04-14 06:28:34 39 13123 5307 374 -1 -1 27 0 319 0
2000-04-14 06:38:34 39 13123 5307 319 -1 -1 26 0 264 0
2000-04-14 06:48:34 39 13123 5307 264 -1 -1 27 0 220 0
2000-04-14 06:58:34 39 13123 5307 165 -1 -1 27 0 165 1
2000-04-14 07:08:34 39 13123 5307 55 -1 -2 26 0 0 0
2000-04-14 07:18:34 39 13123 5307 0 -1 -1 27 0 0 0
2000-04-14 07:28:34 39 13123 5307 0 -1 -1 27 0 0 0
2000-04-14 07:38:34 39 13123 5307 0 -1 -1 27 0 0 0
2000-04-14 07:48:34 39 13123 5307 0 -1 -1 27 0 0 0
2000-04-14 07:58:34 39 13123 5307 0 -1 -1 27 0 0 0
2000-04-14 08:08:34 39 13123 5307 0 -1 -1 26 0 0 0
2000-04-14 08:18:34 39 13123 5307 0 -1 -1 26 0 0 0
2000-04-14 08:28:34 39 13123 5307 0 -1 -1 26 0 0 0
2000-04-14 08:38:34 39 13123 5307 0 -1 -1 27 0 0 0
2000-04-14 08:48:34 39 13123 5307 0 -1 -1 27 0 0 0
2000-04-14 08:58:34 39 13123 5307 0 -1 -1 27 0 0 0
2000-04-14 09:08:34 39 13123 5307 0 -1 -1 26 0 0 0
2000-04-14 09:18:34 39 13123 5307 0 -1 -1 27 0 0 0
2000-04-14 09:28:34 39 13123 5307 0 -1 -2 27 0 0 0
2000-04-14 09:38:34 39 13123 5307 0 -1 -1 27 0 0 0
2000-04-14 09:48:34 39 13123 5307 0 -1 -1 27 0 0 0
2000-04-14 09:58:34 39 13123 5307 0 0 -1 27 0 0 0
2000-04-14 10:08:34 39 13123 5307 0 -1 -1 27 0 0 0
2000-04-14 10:18:34 39 13123 5307 0 -1 -1 27 0 0 0
2000-04-14 10:28:34 39 13123 5307 0 -1 -1 26 0 0 0
2000-04-14 10:38:34 39 13123 5307 0 -1 -1 26 0 0 0
2000-04-14 10:48:34 39 13123 5307 0 -1 -1 27 0 0 0
2000-04-14 10:58:34 39 13123 5307 0 -1 -1 27 0 0 0
2000-04-14 11:08:34 39 13123 5307 0 -1 -1 26 0 0 0
2000-04-14 11:18:34 39 13123 5307 0 -1 -1 27 0 0 0
2000-04-14 11:28:34 39 13123 5307 0 -1 -1 27 0 0 0
2000-04-14 11:38:34 39 13123 5307 0 -1 -1 27 0 0 0
2000-04-14 11:48:34 39 13123 5307 0 -1 -1 27 0 0 0
2000-04-14 11:58:34 39 13123 5307 0 0 -1 27 0 0 0
2000-04-14 12:08:34 39 13123 5307 0 -1 -1 28 0 0 0
2000-04-14 12:18:34 39 13123 5307 0 -1 -1 27 0 0 0
2000-04-14 12:28:34 39 13123 5307 0 -1 -1 28 0 0 0
2000-04-14 12:38:34 39 13123 5307 0 -1 -1 28 0 0 0
2000-04-14 12:48:34 39 13123 5307 0 -1 -1 27 0 0 0
2000-04-14 12:58:34 39 13123 5307 0 -1 -1 27 0 0 0
2000-04-14 13:08:34 39 13123 5307 0 -1 -1 27 0 0 0
2000-04-14 13:18:34 39 13123 5307 0 -1 -1 27 0 0 0
2000-04-14 13:28:34 39 13123 5307 0 -1 -1 27 0 0 0
2000-04-14 13:38:34 39 13123 5307 0 -1 -1 26 0 0 0
2000-04-14 13:48:34 39 13123 5307 0 -1 -1 27 0 0 0
2000-04-14 13:58:34 39 13123 5307 0 -1 -1 27 0 0 0
2000-04-14 14:08:34 39 13123 5307 0 -1 -1 27 0 0 0
2000-04-14 14:18:34 39 13123 5307 0 -1 -1 27 0 0 0
2000-04-14 14:28:34 39 13123 5307 0 -1 -1 28 0 0 0
2000-04-14 14:38:34 39 13123 5307 0 -1 -1 26 0 0 0
2000-04-14 14:48:34 39 13123 5307 0 -1 -1 26 0 0 0
2000-04-14 14:58:34 39 13123 5307 0 -1 -1 27 0 0 0
2000-04-14 15:08:34 39 13123 5307 0 -1 -1 28 0 0 0
2000-04-14 15:18:34 39 13123 5307 0 -1 -1 27 0 0 0
2000-04-14 15:28:34 39 13068 5307 0 -1 -1 27 0 0 0
2000-04-14 15:38:34 39 13068 5307 0 -1 -1 27 0 0 0
2000-04-14 15:48:34 39 13068 5307 0 -1 -1 27 0 0 0
2000-04-14 15:58:34 39 13068 5307 0 -1 -1 27 0 0 0
2000-04-14 16:08:34 39 13068 5307 0 -1 -1 27 0 0 0
2000-04-14 16:18:34 39 13068 5307 0 -1 -1 27 0 0 0
2000-04-14 16:28:34 39 13068 5307 0 -1 -1 27 0 0 0
2000-04-14 16:38:34 39 13068 5307 0 -1 -1 27 0 0 0
2000-04-14 16:48:34 39 13068 5307 0 -1 -1 27 0 0 0
2000-04-14 16:58:34 39 13068 5307 0 -1 -1 27 0 0 0
2000-04-14 17:08:34 39 13068 5307 0 -1 -1 27 0 0 0
2000-04-14 17:18:34 39 13068 5307 0 -1 -1 27 0 0 0
2000-04-14 17:28:34 39 13068 5307 0 -1 -1 27 0 0 0
2000-04-14 17:38:34 39 13068 5307 0 -1 -1 27 0 0 1
2000-04-14 17:48:34 39 13068 5307 0 -1 -1 28 0 0 0
2000-04-14 17:58:34 39 13068 5307 0 -1 -1 27 0 0 0
2000-04-14 18:08:34 39 13068 5307 0 -1 -1 27 0 0 0
2000-04-14 18:18:34 39 13068 5307 0 -1 -1 27 0 0 0
2000-04-14 18:28:34 39 13068 5307 0 -1 -1 28 0 0 0
2000-04-14 18:38:34 39 13068 5307 0 -1 -1 27 0 0 0
2000-04-14 18:48:34 39 13068 5307 0 -1 -1 27 0 0 0
2000-04-14 18:58:34 39 13068 5307 0 -1 -1 28 0 0 0
2000-04-14 19:08:34 39 13068 5307 0 -1 -1 27 0 0 0
2000-04-14 19:18:34 39 13068 5307 0 -1 -1 27 0 0 0
2000-04-14 19:28:34 39 13068 5307 0 -1 -1 27 0 0 0
2000-04-14 19:38:34 39 13068 5307 0 -1 -1 27 0 0 0
2000-04-14 19:48:34 39 13068 5307 0 -1 -1 27 0 0 0
2000-04-14 19:58:34 39 13068 5307 0 -1 -1 27 0 0 0
2000-04-14 20:08:34 39 13068 5307 0 -1 -1 28 0 0 0
2000-04-14 20:18:34 39 13068 5307 0 -1 -1 27 0 0 0
2000-04-14 20:28:34 39 13068 5307 0 -1 -1 27 0 0 0
2000-04-14 20:38:34 39 13068 5307 0 -1 -1 27 0 0 0
2000-04-14 20:48:34 39 13068 5307 0 -1 -1 27 0 0 0
2000-04-14 20:58:34 39 13068 5307 55 -1 -1 28 0 55 0
2000-04-14 21:08:34 39 13068 5307 165 -1 -1 27 0 165 0
2000-04-14 21:18:34 39 13068 5307 319 -1 -1 27 0 264 0
2000-04-14 21:28:34 39 13068 5307 1342 -1 -1 27 0 1078 2
2000-04-14 21:38:34 39 13068 5307 2420 -1 -1 27 1 1936 3
2000-04-14 21:48:34 39 13068 5307 2585 -1 -1 27 1 2046 3
2000-04-14 21:58:34 39 13068 5307 3333 -1 -1 27 1 2794 3
2000-04-14 22:08:34 39 13068 5307 3817 -1 -1 27 2 3168 3
2000-04-14 22:18:34 39 13068 5307 3652 -1 -1 28 2 3069 3
2000-04-14 22:28:34 39 13068 5307 3927 -1 -1 28 2 3278 3
2000-04-14 22:38:34 39 13068 5307 3652 -1 -1 27 2 3069 3
2000-04-14 22:48:34 39 13068 5307 3069 -1 -1 27 1 2475 3
2000-04-14 22:58:34 39 13068 5307 3168 -1 -1 28 1 2629 3
2000-04-14 23:08:34 39 13068 5307 2959 -1 -1 27 1 2365 3
2000-04-14 23:18:34 39 13068 5307 2530 -1 -1 27 1 2046 3
2000-04-14 23:28:34 39 13068 5307 3223 -1 -1 27 1 2629 3
2000-04-14 23:38:34 39 13068 5307 3069 -1 -1 27 2 2585 3
2000-04-14 23:48:34 39 13068 5307 3168 -1 -1 27 2 2629 3
2000-04-14 23:58:34 39 13068 5307 3388 -1 -1 27 1 2849 3
