Time ID V1 V2 V3 I1 I2 I3 I4 O1 O2
2000-04-15 00:08:34 39 13068 5307 3652 -1 -1 27 2 3113 3
2000-04-15 00:18:34 39 13068 5307 3982 -1 -1 27 2 3388 3
2000-04-15 00:28:34 39 13068 5307 3927 -1 -1 27 2 3333 3
2000-04-15 00:38:34 39 13068 5307 3872 -1 -1 27 2 3223 3
2000-04-15 00:48:34 39 13068 5307 3597 -1 -1 27 2 3014 3
2000-04-15 00:58:34 39 13068 5307 3014 -1 -1 27 1 2475 3
2000-04-15 01:08:34 39 13068 5307 2585 -1 -1 28 1 2101 3
2000-04-15 01:18:34 39 13068 5307 2365 -1 -1 27 1 1826 3
2000-04-15 01:28:34 39 13068 5307 2200 -1 -1 26 1 1672 3
2000-04-15 01:38:34 39 13068 5307 2046 -1 -1 26 1 1562 3
2000-04-15 01:48:34 39 13068 5307 1881 -1 -1 27 0 1397 3
2000-04-15 01:58:34 39 13068 5307 1716 -1 -1 27 1 1232 2
2000-04-15 02:08:34 39 13068 5307 1562 -1 -1 27 0 1133 3
2000-04-15 02:18:34 39 13068 5307 1452 -1 -1 27 0 1078 3
2000-04-15 02:28:34 39 13068 5307 1397 -1 -1 27 0 1023 2
2000-04-15 02:38:34 39 13068 5307 1342 -1 -1 27 0 968 2
2000-04-15 02:48:34 39 13068 5307 1287 -1 -1 27 0 913 2
2000-04-15 02:58:34 39 13068 5307 1287 -1 -1 27 0 913 2
2000-04-15 03:08:34 39 13068 5307 1188 -1 -2 27 0 858 2
2000-04-15 03:18:34 39 13068 5307 1232 -1 -1 27 0 913 1
2000-04-15 03:28:34 39 13068 5307 1287 -1 -1 27 0 913 1
2000-04-15 03:38:34 39 13068 5307 1232 -1 -1 28 0 858 1
2000-04-15 03:48:34 39 13068 5307 1188 -1 -1 27 0 803 2
2000-04-15 03:58:34 39 13068 5307 913 -1 -1 27 0 704 1
2000-04-15 04:08:34 39 13068 5307 1078 -1 -1 28 0 803 1
2000-04-15 04:18:34 39 13068 5307 1023 -1 -1 26 0 748 0
2000-04-15 04:28:34 39 13068 5307 1023 -1 -1 26 0 748 1
2000-04-15 04:38:34 39 13068 5307 968 -1 -1 27 0 704 1
2000-04-15 04:48:34 39 13068 5307 858 -1 -1 27 0 649 0
2000-04-15 04:58:34 39 13068 5307 803 -1 -1 28 0 649 1
2000-04-15 05:08:34 39 13068 5307 803 -1 -1 27 0 649 1
2000-04-15 05:18:34 39 13068 5307 803 -1 -1 27 0 649 1
2000-04-15 05:28:34 39 13068 5307 704 -1 -1 27 0 594 1
2000-04-15 05:38:34 39 13068 5307 649 -1 -1 27 0 539 1
2000-04-15 05:48:34 39 13068 5307 594 -1 -1 27 0 539 1
2000-04-15 05:58:34 39 13068 5307 539 -1 -1 27 0 429 0
2000-04-15 06:08:34 39 13068 5307 594 -1 -1 28 0 539 1
2000-04-15 06:18:34 39 13068 5307 429 -1 -1 27 0 319 1
2000-04-15 06:28:34 39 13068 5307 374 -1 -1 26 0 319 0
2000-04-15 06:38:34 39 13068 5307 429 -1 -1 27 0 374 0
2000-04-15 06:48:34 39 13068 5307 319 -1 -1 27 0 264 0
2000-04-15 06:58:34 39 13068 5307 264 -1 -1 27 0 220 0
2000-04-15 07:08:34 39 13068 5307 55 -1 -1 27 0 0 0
2000-04-15 07:18:34 39 13068 5307 0 -1 -1 26 0 0 0
2000-04-15 07:28:34 39 13068 5307 0 -1 -1 26 0 0 0
2000-04-15 07:38:34 39 13068 5307 0 -1 -1 28 0 0 0
2000-04-15 07:48:34 39 13068 5307 0 -1 -1 26 0 0 0
2000-04-15 07:58:34 39 13068 5307 0 -1 -1 26 0 0 0
2000-04-15 08:08:34 39 13068 5307 0 -1 -1 27 0 0 0
2000-04-15 08:18:34 39 13068 5307 0 -1 -1 26 0 0 0
2000-04-15 08:28:34 39 13068 5307 0 -1 -1 27 0 0 0
2000-04-15 08:38:34 39 13068 5307 0 -1 -1 26 0 0 0
2000-04-15 08:48:34 39 13068 5307 0 -1 -1 28 0 0 0
2000-04-15 08:58:34 39 13068 5307 0 -1 -1 26 0 0 0
2000-04-15 09:08:34 39 13068 5307 0 -1 -1 27 0 0 0
2000-04-15 09:18:34 39 13068 5307 0 -1 -1 27 0 0 0
2000-04-15 09:28:34 39 13068 5307 0 -1 -1 27 0 0 0
2000-04-15 09:38:34 39 13068 5307 0 -1 -1 26 0 0 0
2000-04-15 09:48:34 39 13068 5307 0 -1 -1 27 0 0 0
2000-04-15 09:58:34 39 13068 5307 0 -1 -1 27 0 0 0
2000-04-15 10:08:34 39 13068 5307 0 -1 -1 27 0 0 0
2000-04-15 10:18:34 39 13068 5307 0 -1 -1 27 0 0 0
2000-04-15 10:28:34 39 13068 5307 0 -1 -1 26 0 0 0
2000-04-15 10:38:34 39 13068 5307 0 -1 -1 27 0 0 0
2000-04-15 10:48:34 39 13068 5307 0 -1 -1 27 0 0 0
2000-04-15 10:58:34 39 13068 5307 0 -1 -1 26 0 0 0
2000-04-15 11:08:34 39 13068 5307 0 0 -1 27 0 0 0
2000-04-15 11:18:34 39 13068 5307 0 -1 -1 27 0 0 0
2000-04-15 11:28:34 39 13068 5307 0 -1 -1 28 0 0 0
2000-04-15 11:38:34 39 13068 5307 0 -1 -1 27 0 0 0
2000-04-15 11:48:34 39 13068 5307 0 -1 -1 27 0 0 0
2000-04-15 11:58:34 39 13068 5307 0 -1 -1 27 0 0 0
2000-04-15 12:08:34 39 13068 5307 0 -1 -1 26 0 0 0
2000-04-15 12:18:34 39 13068 5307 0 0 -1 26 0 0 0
2000-04-15 12:28:34 39 13068 5307 0 -1 -1 27 0 0 0
2000-04-15 12:38:34 39 13068 5307 0 -1 -1 27 0 0 0
2000-04-15 12:48:34 39 13068 5307 0 -1 -1 27 0 0 0
2000-04-15 12:58:34 39 13068 5307 0 -1 -1 27 0 0 0
2000-04-15 13:08:34 39 13068 5307 0 -1 -1 27 0 0 0
2000-04-15 13:18:34 39 13068 5307 0 -1 -1 27 0 0 0
2000-04-15 13:28:34 39 13068 5307 0 -1 -1 27 0 0 0
2000-04-15 13:38:34 39 13068 5307 0 -1 -1 27 0 0 0
2000-04-15 13:48:34 39 13068 5307 0 -1 -1 27 0 0 0
2000-04-15 13:58:34 39 13068 5307 0 -1 -1 27 0 0 0
2000-04-15 14:08:34 39 13068 5307 0 -1 -1 27 0 0 0
2000-04-15 14:18:34 39 13068 5307 0 -1 -1 27 0 0 0
2000-04-15 14:28:34 39 13068 5307 0 -1 -1 27 0 0 0
2000-04-15 14:38:34 39 13068 5307 0 -1 -1 27 0 0 0
2000-04-15 14:48:34 39 13068 5307 0 -1 -1 27 0 0 0
2000-04-15 14:58:34 39 13013 5307 0 -1 -1 27 0 0 0
2000-04-15 15:08:34 39 13013 5307 0 -1 -1 28 0 0 0
2000-04-15 15:18:34 39 13013 5307 0 -1 -1 27 0 0 0
2000-04-15 15:28:34 39 13013 5307 0 -1 -1 27 0 0 0
2000-04-15 15:38:34 39 13013 5307 0 -1 -1 27 0 0 0
2000-04-15 15:48:34 39 13013 5307 0 -1 -1 27 0 0 0
2000-04-15 15:58:34 39 13013 5307 0 -1 -1 27 0 0 0
2000-04-15 16:08:34 39 13013 5307 0 -1 -1 27 0 0 0
2000-04-15 16:18:34 39 13013 5307 0 -1 -1 27 0 0 0
2000-04-15 16:28:34 39 13013 5307 0 -1 -1 27 0 0 0
2000-04-15 16:38:34 39 13013 5307 0 -1 -1 27 0 0 0
2000-04-15 16:48:34 39 13013 5307 0 -1 -1 26 0 0 0
2000-04-15 16:58:34 39 13013 5307 0 -1 -1 27 0 0 0
2000-04-15 17:08:34 39 13013 5307 0 -1 -1 27 0 0 0
2000-04-15 17:18:34 39 13013 5307 0 -1 -1 27 0 0 0
2000-04-15 17:28:34 39 13013 5307 0 -1 -1 27 0 0 0
2000-04-15 17:38:34 39 13013 5307 0 -1 -1 28 0 0 0
2000-04-15 17:48:34 39 13013 5307 0 -1 -1 27 0 0 0
2000-04-15 17:58:34 39 13013 5307 0 -1 -1 28 0 0 0
2000-04-15 18:08:34 39 13013 5307 0 -1 -1 28 0 0 0
2000-04-15 18:18:34 39 13013 5307 0 -1 -1 28 0 0 0
2000-04-15 18:28:34 39 13013 5307 0 -1 -1 27 0 0 0
2000-04-15 18:38:34 39 13013 5307 0 -1 -1 27 0 0 0
2000-04-15 18:48:34 39 13013 5307 0 -1 -1 27 0 0 0
2000-04-15 18:58:34 39 13013 5307 0 -1 -1 27 0 0 0
2000-04-15 19:08:34 39 13013 5307 0 -1 -1 27 0 0 0
2000-04-15 19:18:34 39 13013 5307 0 -1 -1 27 0 0 0
2000-04-15 19:28:34 39 13013 5307 0 -1 -1 27 0 0 0
2000-04-15 19:38:34 39 13013 5307 0 -1 -1 27 0 0 0
2000-04-15 19:48:34 39 13013 5307 0 -1 -1 27 0 0 0
2000-04-15 19:58:34 39 13013 5307 0 -1 -1 26 0 0 0
2000-04-15 20:08:34 39 13013 5307 0 -1 -1 27 0 0 0
2000-04-15 20:18:34 39 13013 5307 0 -1 -1 27 0 0 0
2000-04-15 20:28:34 39 13013 5307 0 -1 -1 27 0 0 0
2000-04-15 20:38:34 39 13013 5307 0 -1 -1 27 0 0 0
2000-04-15 20:48:34 39 13013 5307 0 -1 -1 27 0 0 0
2000-04-15 20:58:34 39 13013 5307 55 -1 -1 27 0 0 1
2000-04-15 21:08:34 39 13013 5307 55 -1 -1 26 0 55 0
2000-04-15 21:18:34 39 13013 5307 55 0 -1 27 0 55 0
2000-04-15 21:28:34 39 13013 5307 1507 -1 -1 27 1 1232 2
2000-04-15 21:38:34 39 13013 5307 3443 -1 -1 27 2 2904 3
2000-04-15 21:48:34 39 13013 5307 3443 -1 -1 27 1 2794 3
2000-04-15 21:58:34 39 13013 5307 3872 -1 -1 28 2 3333 3
2000-04-15 22:08:34 39 13013 5307 4466 -1 -1 26 2 3817 3
2000-04-15 22:18:34 39 13013 5307 4565 -2 -1 27 2 3927 3
2000-04-15 22:28:34 39 13013 5307 4411 -1 -1 27 2 3762 3
2000-04-15 22:38:34 39 13013 5307 4246 -1 -2 27 2 3597 3
2000-04-15 22:48:34 39 13013 5307 4136 -1 -1 27 2 3498 3
2000-04-15 22:58:34 39 13013 5307 3927 -1 -1 27 2 3278 3
2000-04-15 23:08:34 39 13013 5307 3762 -1 -1 27 2 3113 3
2000-04-15 23:18:34 39 13013 5307 3553 -1 -1 27 1 2959 3
2000-04-15 23:28:34 39 13013 5307 3333 -1 -1 27 1 2739 3
2000-04-15 23:38:34 39 13013 5307 3333 -1 -1 27 1 2794 3
2000-04-15 23:48:34 39 13013 5307 3498 -1 -1 27 1 2959 3
2000-04-15 23:58:34 39 13013 5307 3652 -1 -1 27 2 3069 3
