Time ID V1 V2 V3 I1 I2 I3 I4 O1 O2
2000-04-25 00:06:33 39 13651 0 16984 -2 -3 27 840 21076 1075
2000-04-25 00:16:33 39 13871 0 15488 -1 -1 27 1072 21131 1099
2000-04-25 00:26:33 39 13816 0 15543 -2 -2 27 1093 21186 1121
2000-04-25 00:36:33 39 13706 0 16885 -3 -3 26 921 21076 1141
2000-04-25 00:46:33 39 13706 0 16555 -3 -3 27 950 20966 1157
2000-04-25 00:56:33 39 13706 0 16885 -1 -1 28 869 20801 1173
2000-04-25 01:06:33 39 13706 0 17259 -1 -1 27 898 20801 1184
2000-04-25 01:16:33 39 13761 0 17314 -2 -2 27 924 20856 1192
2000-04-25 01:26:33 39 13761 0 17094 -1 -2 26 938 20801 1201
2000-04-25 01:36:33 39 13761 0 16940 -1 -1 27 950 20757 1205
2000-04-25 01:46:33 39 13761 0 16940 -1 -2 27 950 20757 1207
2000-04-25 01:56:33 39 13651 0 18821 -1 -2 26 636 20757 1206
2000-04-25 02:06:33 39 13761 0 17633 -1 -2 28 845 20801 1204
2000-04-25 02:16:33 39 13816 0 16940 -1 -2 27 903 20856 1198
2000-04-25 02:26:33 39 13816 0 17468 -1 -2 27 846 20801 1189
2000-04-25 02:36:33 39 13871 0 17369 -1 -2 26 898 20911 1178
2000-04-25 02:46:33 39 13871 0 18436 -1 -3 28 722 20966 1164
2000-04-25 02:56:33 39 14091 0 17424 -1 -2 27 853 20911 1151
2000-04-25 03:06:33 39 14300 0 19624 -1 -2 27 510 20966 1132
2000-04-25 03:16:33 39 14355 0 20108 -1 -2 26 314 20856 1103
2000-04-25 03:26:33 39 14355 0 19943 -1 -2 27 336 20757 1077
2000-04-25 03:36:33 39 14410 0 20372 -1 -1 26 104 20647 1052
2000-04-25 03:46:33 39 14410 0 20427 -1 -1 27 88 20647 1026
2000-04-25 03:56:33 39 14355 0 19789 -1 -2 27 366 20702 1000
2000-04-25 04:06:33 39 14300 0 19679 -1 -1 26 397 20757 972
2000-04-25 04:16:33 39 14355 0 20053 -1 -1 27 300 20856 940
2000-04-25 04:26:33 39 14355 0 20108 -1 -1 27 290 20801 903
2000-04-25 04:36:33 39 14355 0 20108 -1 -1 27 275 20856 869
2000-04-25 04:46:33 39 14355 0 20108 -1 -1 26 271 20911 834
2000-04-25 04:56:33 39 14355 0 20053 -1 -1 27 286 20911 795
2000-04-25 05:06:33 39 14355 0 20218 -1 -1 27 251 21021 755
2000-04-25 05:16:33 39 14355 0 20163 0 -1 27 244 20966 714
2000-04-25 05:26:33 39 14355 0 20218 -1 -1 27 215 20911 672
2000-04-25 05:36:33 39 14355 0 20372 -1 -1 27 174 20966 627
2000-04-25 05:46:33 39 14410 0 20592 -1 -1 27 111 20966 581
2000-04-25 05:56:33 39 14355 0 19789 -2 -2 27 219 20966 534
2000-04-25 06:06:33 39 14355 0 19030 -3 -3 27 295 20966 486
2000-04-25 06:16:33 39 14355 0 18337 -3 -2 26 290 20911 435
2000-04-25 06:26:33 39 14300 0 18062 -2 -2 26 278 20856 383
2000-04-25 06:36:33 39 14300 0 17039 -1 -1 27 274 20801 332
2000-04-25 06:46:33 39 14355 0 17039 -1 -1 27 219 20702 280
2000-04-25 06:56:33 39 14245 0 15433 -1 -1 26 218 20592 229
2000-04-25 07:06:33 39 14135 1220 14839 -1 -1 27 117 19305 118
2000-04-25 07:16:33 39 13926 5246 14465 -1 -1 27 22 17688 29
2000-04-25 07:26:33 39 13761 5246 14300 -1 -1 27 18 17424 25
2000-04-25 07:36:33 39 13651 5246 14135 -1 -1 27 14 16940 20
2000-04-25 07:46:33 39 13552 5246 14190 0 -1 27 8 15917 14
2000-04-25 07:56:33 39 13497 5307 13332 -1 -1 27 4 13706 8
2000-04-25 08:06:33 39 13442 5307 10054 -1 -1 27 3 9460 4
2000-04-25 08:16:33 39 13387 5307 3707 0 -1 26 1 2959 2
2000-04-25 08:26:33 39 13387 5307 319 -1 -1 26 0 264 0
2000-04-25 08:36:33 39 13332 5307 0 0 -1 26 0 0 0
2000-04-25 08:46:33 39 13332 5307 0 -1 -1 27 0 0 0
2000-04-25 08:56:33 39 13332 5307 0 -1 -1 27 0 0 0
2000-04-25 09:06:33 39 13332 5307 0 -1 -1 27 0 0 0
2000-04-25 09:16:33 39 13332 5307 0 -1 -1 27 0 0 0
2000-04-25 09:26:33 39 13332 5307 0 -1 -1 27 0 0 0
2000-04-25 09:36:33 39 13332 5307 0 -1 -1 27 0 0 0
2000-04-25 09:46:33 39 13332 5307 0 -1 -1 28 0 0 0
2000-04-25 09:56:33 39 13332 5307 0 -1 -1 27 0 0 0
2000-04-25 10:06:33 39 13332 5307 0 -1 -1 27 0 0 0
2000-04-25 10:16:33 39 13332 5307 0 -1 -1 26 0 0 0
2000-04-25 10:26:33 39 13332 5307 0 -1 -1 27 0 0 0
2000-04-25 10:36:33 39 13332 5307 0 -1 -1 28 0 0 0
2000-04-25 10:46:33 39 13332 5307 0 -1 -1 27 0 0 0
2000-04-25 10:56:33 39 13332 5307 0 -1 -1 27 0 0 0
2000-04-25 11:06:33 39 13332 5307 0 -1 -1 28 0 0 0
2000-04-25 11:16:33 39 13332 5307 0 -1 -1 27 0 0 0
2000-04-25 11:26:33 39 13332 5307 0 -1 -1 26 0 0 0
2000-04-25 11:36:33 39 13332 5307 0 -1 -1 27 0 0 0
2000-04-25 11:46:33 39 13332 5307 0 -1 -1 27 0 0 0
2000-04-25 11:56:33 39 13332 5307 0 -1 -1 27 0 0 0
2000-04-25 12:06:33 39 13332 5307 0 -1 -1 28 0 0 0
2000-04-25 12:16:33 39 13332 5307 0 -1 -1 26 0 0 0
2000-04-25 12:26:33 39 13332 5307 0 -1 -1 27 0 0 0
2000-04-25 12:36:33 39 13332 5307 0 -1 -1 27 0 0 0
2000-04-25 12:46:33 39 13332 5307 0 -1 -1 26 0 0 1
2000-04-25 12:56:33 39 13332 5307 0 -1 -1 27 0 0 0
2000-04-25 13:06:33 39 13332 5307 0 -1 -1 26 0 0 0
2000-04-25 13:16:33 39 13332 5307 0 -1 -1 27 0 0 0
2000-04-25 13:26:33 39 13332 5307 0 -1 -1 27 0 0 0
2000-04-25 13:36:33 39 13332 5307 0 -1 -1 26 0 0 0
2000-04-25 13:46:33 39 13332 5307 0 -1 -1 27 0 0 0
2000-04-25 13:56:33 39 13332 5307 0 -1 -1 26 0 0 0
2000-04-25 14:06:33 39 13277 5307 0 -1 -1 27 0 0 0
2000-04-25 14:16:33 39 13277 5307 0 -1 -1 27 0 0 0
2000-04-25 14:26:33 39 13277 5307 0 -1 -1 27 0 0 0
2000-04-25 14:36:33 39 13277 5307 0 -1 -1 27 0 0 0
2000-04-25 14:46:33 39 13277 5307 0 -1 0 27 0 0 0
2000-04-25 14:56:33 39 13277 5307 0 -1 -1 27 0 0 0
2000-04-25 15:06:33 39 13277 5307 0 -1 -1 27 0 0 0
2000-04-25 15:16:33 39 13277 5307 0 -1 -1 27 0 0 0
2000-04-25 15:26:33 39 13277 5307 0 -1 -1 27 0 0 0
2000-04-25 15:36:33 39 13277 5307 0 -1 -1 27 0 0 0
2000-04-25 15:46:33 39 13277 5307 0 -1 -1 26 0 0 0
2000-04-25 15:56:33 39 13277 5307 0 -1 -1 27 0 0 0
2000-04-25 16:06:33 39 13277 5307 0 -1 -1 27 0 0 0
2000-04-25 16:16:33 39 13277 5307 0 -1 -1 27 0 0 0
2000-04-25 16:26:33 39 13277 5307 0 -1 -1 27 0 0 0
2000-04-25 16:36:33 39 13277 5307 0 -1 -1 27 0 0 0
2000-04-25 16:46:33 39 13277 5307 0 -1 -1 27 0 0 0
2000-04-25 16:56:33 39 13277 5307 0 -1 -1 27 0 0 0
2000-04-25 17:06:33 39 13277 5307 0 -1 -1 26 0 0 0
2000-04-25 17:16:33 39 13277 5307 0 -1 -1 27 0 0 0
2000-04-25 17:26:33 39 13277 5307 0 -1 -1 27 0 0 0
2000-04-25 17:36:33 39 13277 5307 0 -1 -1 27 0 0 0
2000-04-25 17:46:33 39 13277 5307 0 -1 -1 26 0 0 0
2000-04-25 17:56:33 39 13277 5307 0 -1 -1 27 0 0 0
2000-04-25 18:06:33 39 13277 5307 0 -1 -1 27 0 0 0
2000-04-25 18:16:33 39 13277 5307 0 -1 -1 28 0 0 0
2000-04-25 18:26:33 39 13277 5307 0 -1 -1 28 0 0 0
2000-04-25 18:36:33 39 13277 5307 0 -1 -1 27 0 0 0
2000-04-25 18:46:33 39 13277 5307 0 -1 -1 27 0 0 0
2000-04-25 18:56:33 39 13277 5307 0 -1 -1 27 0 0 0
2000-04-25 19:06:33 39 13277 5307 0 -1 -1 27 0 0 0
2000-04-25 19:16:33 39 13277 5307 0 -1 -1 27 0 0 0
2000-04-25 19:26:33 39 13277 5307 0 -1 -1 27 0 0 0
2000-04-25 19:36:33 39 13277 5307 0 -1 -1 27 0 0 0
2000-04-25 19:46:33 39 13277 5307 0 -1 -1 28 0 0 0
2000-04-25 19:56:33 39 13277 5307 0 -1 -1 27 0 0 0
2000-04-25 20:06:33 39 13277 5307 0 -1 -1 27 0 0 0
2000-04-25 20:16:33 39 13277 5307 165 -1 -1 27 0 165 0
2000-04-25 20:26:33 39 13277 5307 2200 -1 -1 27 1 1991 2
2000-04-25 20:36:33 39 13277 5307 9570 -1 -1 27 3 9405 4
2000-04-25 20:46:33 39 13277 5246 13167 -1 -1 27 4 14036 7
2000-04-25 20:56:33 39 13277 5246 15433 -1 -1 27 6 16610 14
2000-04-25 21:06:33 39 13277 5246 14674 -1 -1 27 14 17743 21
2000-04-25 21:16:33 39 13277 5246 13871 -1 -1 28 22 18392 27
2000-04-25 21:26:33 39 13277 5246 13871 -1 -1 28 36 19085 48
2000-04-25 21:36:33 39 13607 5246 15642 -1 -1 27 362 21879 381
2000-04-25 21:46:33 39 13651 5246 15642 -1 -1 27 432 21560 449
2000-04-25 21:56:33 39 13706 5307 15433 -1 -1 28 499 21450 514
2000-04-25 22:06:33 39 13816 5307 15488 -1 -1 27 558 21395 574
2000-04-25 22:16:33 39 14190 5307 18117 -1 -1 27 411 21340 630
2000-04-25 22:26:33 39 14410 5246 20801 -1 -1 27 110 21186 681
2000-04-25 22:36:33 39 14410 5307 20911 -1 -1 27 61 21076 731
2000-04-25 22:46:33 39 14410 5307 20911 -1 -1 28 49 21076 777
2000-04-25 22:56:33 39 14410 5307 21131 -1 -1 28 43 21285 820
2000-04-25 23:06:33 39 14410 5307 21186 -1 -1 27 39 21285 862
2000-04-25 23:16:33 39 14410 5307 21131 -1 -1 27 37 21241 902
2000-04-25 23:26:33 39 14410 5307 21131 -1 -1 27 35 21186 939
2000-04-25 23:36:33 39 14410 5307 21021 -1 -1 27 34 21131 975
2000-04-25 23:46:33 39 14410 5307 20966 -1 -1 28 34 21076 1006
2000-04-25 23:56:33 39 14410 5307 21021 -1 -1 27 33 21076 1035
