Time ID V1 V2 V3 I1 I2 I3 I4 O1 O2
2023-04-29 00:09:07 21 13013 5185 0 223 -2 34 0 0 0
2023-04-29 00:19:07 21 13013 5185 0 223 -2 34 0 0 0
2023-04-29 00:29:07 21 13013 5185 0 223 -2 34 0 0 0
2023-04-29 00:39:07 21 12958 4941 0 224 249 33 0 0 0
2023-04-29 00:49:07 21 12903 4819 0 225 401 33 0 0 0
2023-04-29 00:59:07 21 12903 4819 0 225 391 34 0 0 0
2023-04-29 01:09:07 21 12903 4819 0 225 385 34 0 0 0
2023-04-29 01:19:07 21 12903 4819 0 225 379 34 0 0 0
2023-04-29 01:29:07 21 12903 4819 0 225 372 34 0 0 0
2023-04-29 01:39:07 21 12903 4819 0 225 364 34 0 0 0
2023-04-29 01:49:07 21 12903 4819 0 225 356 33 0 0 0
2023-04-29 01:59:07 21 12903 4880 0 225 348 33 0 0 0
2023-04-29 02:09:07 21 12903 4819 0 225 342 34 0 0 0
2023-04-29 02:19:07 21 12848 4819 0 225 337 33 0 0 0
2023-04-29 02:29:07 21 12848 4819 0 225 333 35 0 0 0
2023-04-29 02:39:07 21 12848 4819 0 226 327 35 0 0 0
2023-04-29 02:49:07 21 12848 4880 0 226 315 33 0 0 0
2023-04-29 02:59:07 21 12848 4819 0 226 305 33 0 0 0
2023-04-29 03:09:07 21 12848 4819 0 226 302 33 0 0 0
2023-04-29 03:19:07 21 12848 4819 0 226 303 34 0 0 0
2023-04-29 03:29:07 21 12848 4819 0 226 303 35 0 0 0
2023-04-29 03:39:07 21 12793 4819 0 226 305 34 0 0 0
2023-04-29 03:49:07 21 12793 4819 0 192 310 34 0 0 0
2023-04-29 03:59:07 21 12958 4819 0 -3 357 35 0 0 0
2023-04-29 04:09:07 21 12903 4819 0 -2 459 34 0 0 0
2023-04-29 04:19:07 21 12903 4819 0 -3 445 34 0 0 0
2023-04-29 04:29:07 21 12903 4819 0 -3 405 33 0 0 0
2023-04-29 04:39:07 21 12958 4819 0 -2 329 33 0 0 0
2023-04-29 04:49:07 21 12958 4819 0 -3 273 33 0 0 0
2023-04-29 04:59:07 21 12958 4880 0 -2 233 34 0 0 0
2023-04-29 05:09:07 21 12958 4880 0 -2 200 33 0 0 0
2023-04-29 05:19:07 21 12958 4880 0 -2 175 33 0 0 0
2023-04-29 05:29:07 21 12958 4880 0 -2 155 34 0 0 0
2023-04-29 05:39:07 21 12958 4880 0 -2 135 34 0 0 0
2023-04-29 05:49:07 21 12848 4880 0 217 99 34 0 0 0
2023-04-29 05:59:07 21 12848 4880 0 227 0 34 0 0 0
2023-04-29 06:09:07 21 12793 4880 0 227 72 33 0 0 0
2023-04-29 06:19:07 21 12793 4880 0 227 62 34 0 0 0
2023-04-29 06:29:07 21 12793 4880 0 228 72 34 0 0 0
2023-04-29 06:39:07 21 12793 4880 0 228 75 34 0 0 0
2023-04-29 06:49:07 21 12793 4880 0 228 81 34 0 0 1
2023-04-29 06:59:07 21 12848 4880 0 113 93 35 0 0 0
2023-04-29 07:09:07 21 12903 4880 0 -2 94 34 0 0 0
2023-04-29 07:19:07 21 12958 4880 0 -2 82 34 0 0 0
2023-04-29 07:29:07 21 12903 4880 0 33 54 34 0 0 0
2023-04-29 07:39:07 21 12903 4880 0 33 63 34 0 0 0
2023-04-29 07:49:07 21 12958 4880 0 -3 83 34 0 0 0
2023-04-29 07:59:07 21 12903 4880 0 -2 96 33 0 0 0
2023-04-29 08:09:07 21 12958 4880 0 -2 75 34 0 0 0
2023-04-29 08:19:07 21 12958 4880 0 -2 61 33 0 0 0
2023-04-29 08:29:07 21 12958 4880 0 -2 63 34 0 0 0
2023-04-29 08:39:07 21 12903 4880 0 -2 96 33 0 0 0
2023-04-29 08:49:07 21 12958 4880 0 -2 57 34 0 0 0
2023-04-29 08:59:07 21 12958 4880 0 -2 69 34 0 0 0
2023-04-29 09:09:07 21 12903 4880 0 -2 92 34 0 0 0
2023-04-29 09:19:07 21 12958 4880 0 -3 65 34 0 0 0
2023-04-29 09:29:07 21 12958 4880 0 -2 62 34 0 0 0
2023-04-29 09:39:07 21 12958 4880 0 -2 84 33 0 0 0
2023-04-29 09:49:07 21 12903 4880 0 -2 94 34 0 0 0
2023-04-29 09:59:07 21 12958 4880 0 -2 62 33 0 0 0
2023-04-29 10:09:07 21 12958 4880 0 -2 63 34 0 0 0
2023-04-29 10:19:07 21 12958 4880 0 -2 78 34 0 0 1
2023-04-29 10:29:07 21 12958 4880 374 -2 56 34 0 319 0
2023-04-29 10:39:07 21 12958 4880 4136 -3 77 33 2 3597 2
2023-04-29 10:49:07 21 12958 4880 11616 -2 81 34 3 11561 4
2023-04-29 10:59:07 21 12903 4880 12958 -2 84 33 6 15587 8
2023-04-29 11:09:07 21 12958 5063 13552 -3 21 34 11 17204 14
2023-04-29 11:19:07 21 12958 5185 13497 -3 -2 35 17 17908 19
2023-04-29 11:29:07 21 13013 5185 13706 -3 -2 35 33 18920 36
2023-04-29 11:39:07 21 13013 5185 14091 -3 -2 35 52 19624 56
2023-04-29 11:49:07 21 13013 5185 14355 -3 -2 34 53 19888 59
2023-04-29 11:59:07 21 13068 5185 14520 -2 -2 34 79 20273 96
2023-04-29 12:09:07 21 13123 5185 14949 -2 -2 36 142 20647 155
2023-04-29 12:19:07 21 13167 5185 15323 -2 -2 35 179 20801 208
2023-04-29 12:29:07 21 13222 5185 15323 -3 -1 35 268 20911 290
2023-04-29 12:39:07 21 13277 5185 15488 -3 -1 35 318 20966 343
2023-04-29 12:49:07 21 13332 5185 15587 -3 -1 34 363 21021 396
2023-04-29 12:59:07 21 13387 5185 15488 -2 -1 35 419 21076 450
2023-04-29 13:09:07 21 13442 5185 15642 -3 -1 34 469 21131 503
2023-04-29 13:19:07 21 13442 5246 15917 -2 -1 33 509 21131 557
2023-04-29 13:29:07 21 13497 5246 15752 -3 -1 34 565 21186 608
2023-04-29 13:39:07 21 13552 5246 15972 -3 -1 34 599 21186 658
2023-04-29 13:49:07 21 13607 5246 15917 -2 -1 34 640 21131 706
2023-04-29 13:59:07 21 13607 5246 15862 -3 -1 34 686 21131 752
2023-04-29 14:09:07 21 13651 5246 16027 -2 -1 33 708 21076 798
2023-04-29 14:19:07 21 13706 5246 15917 -2 -1 33 756 20966 841
2023-04-29 14:29:07 21 13706 5246 15972 -2 -1 34 785 20911 881
2023-04-29 14:39:07 21 13706 5246 15917 -2 -1 34 811 20801 922
2023-04-29 14:49:07 21 13761 5246 15752 -2 -1 34 864 20757 960
2023-04-29 14:59:07 21 13761 5246 15917 -2 -1 33 855 20647 996
2023-04-29 15:09:07 21 13761 5246 15862 -3 -1 34 891 20592 1030
2023-04-29 15:19:07 21 13761 5246 15862 -2 -1 35 914 20537 1060
2023-04-29 15:29:07 21 13816 5246 15917 -3 -1 34 935 20592 1088
2023-04-29 15:39:07 21 13816 5246 15697 -2 -1 34 959 20482 1115
2023-04-29 15:49:07 21 13816 5246 15862 -2 -1 33 960 20482 1140
2023-04-29 15:59:07 21 13871 5246 15697 -2 -1 34 991 20372 1164
2023-04-29 16:09:07 21 13871 5246 15752 -2 -1 35 987 20328 1184
2023-04-29 16:19:07 21 13926 5185 15642 -3 -1 34 1018 20328 1201
2023-04-29 16:29:07 21 13871 5185 17369 -2 -1 33 791 20328 1213
2023-04-29 16:39:07 21 13981 5185 18227 -2 -1 34 712 20163 1224
2023-04-29 16:49:07 21 14036 5185 18766 -2 -1 34 562 20108 1235
2023-04-29 16:59:07 21 14091 5185 19250 -2 -1 33 426 20218 1234
2023-04-29 17:09:07 21 14245 5185 19679 -2 -1 33 271 20218 1237
2023-04-29 17:19:07 21 14091 5185 19734 -2 -1 33 130 19998 1241
2023-04-29 17:29:07 21 14036 5185 19888 -2 -1 33 88 20108 1241
2023-04-29 17:39:07 21 14036 5185 19844 -2 -1 33 82 20053 1237
2023-04-29 17:49:07 21 14135 5185 19844 -2 -1 33 80 20053 1234
2023-04-29 17:59:07 21 14245 5185 19844 -3 -1 34 72 19998 1229
2023-04-29 18:09:07 21 14300 5246 19888 -2 -1 34 55 20053 1214
2023-04-29 18:19:07 21 14300 5246 19943 -2 -1 33 48 20053 1198
2023-04-29 18:29:07 21 14300 5246 20053 -2 -1 33 37 20163 1185
2023-04-29 18:39:07 21 14300 5246 19998 -2 -1 33 40 20108 1159
2023-04-29 18:49:07 21 14300 5246 20108 -2 -1 34 39 20218 1142
2023-04-29 18:59:07 21 14300 5246 20108 -2 -1 34 38 20218 1131
2023-04-29 19:09:07 21 14300 5246 20108 -2 -1 35 39 20218 1103
2023-04-29 19:19:07 21 14300 5246 20053 -2 -1 34 38 20163 1074
2023-04-29 19:29:07 21 14300 5246 20163 -2 -1 33 39 20218 961
2023-04-29 19:39:07 21 14300 5246 19789 -2 -1 33 39 19844 856
2023-04-29 19:49:07 21 14300 5246 20218 -2 -1 34 37 20537 916
2023-04-29 19:59:07 21 14300 5246 20108 -2 -1 33 39 20163 935
2023-04-29 20:09:07 21 14300 5246 20053 -2 -1 35 39 20163 880
2023-04-29 20:19:07 21 14300 5246 20163 -2 -1 34 39 20328 836
2023-04-29 20:29:07 21 14300 5246 20273 -2 -1 34 39 20482 696
2023-04-29 20:39:07 21 14300 5246 20482 -2 -2 34 38 20647 732
2023-04-29 20:49:07 21 14300 5246 20328 -2 -1 34 38 20482 690
2023-04-29 20:59:07 21 14300 5246 20273 -2 -1 34 39 20372 638
2023-04-29 21:09:07 21 14300 5246 20218 -2 -1 34 38 20372 371
2023-04-29 21:19:07 21 14300 5246 17369 -2 -1 34 43 19459 52
2023-04-29 21:29:07 21 14245 5185 15004 -2 -1 34 40 18436 44
2023-04-29 21:39:07 21 14091 5185 14839 -2 -1 34 34 18172 39
2023-04-29 21:49:07 21 13926 5185 14575 -2 -1 33 28 18007 33
2023-04-29 21:59:07 21 13761 5185 14355 -2 -1 33 24 17798 28
2023-04-29 22:09:07 21 13607 5185 14135 -2 -1 34 18 17369 22
2023-04-29 22:19:07 21 13442 5185 13926 -2 -1 33 12 16610 15
2023-04-29 22:29:07 21 13332 5185 13607 -2 -1 34 5 14729 8
2023-04-29 22:39:07 21 13222 5246 11561 43 -1 33 3 10912 4
2023-04-29 22:49:07 21 13013 5185 3553 224 -1 33 1 2585 2
2023-04-29 22:59:07 21 13013 5185 374 223 -2 34 0 264 0
2023-04-29 23:09:07 21 13013 5185 55 223 -2 34 0 0 0
2023-04-29 23:19:07 21 13013 5185 0 223 -1 33 0 0 0
2023-04-29 23:29:07 21 13013 5185 0 223 -2 33 0 0 0
2023-04-29 23:39:07 21 12903 4941 0 224 401 33 0 0 0
2023-04-29 23:49:07 21 12903 4819 0 225 518 35 0 0 0
2023-04-29 23:59:07 21 12903 4819 0 225 477 33 0 0 0
