Time ID V1 V2 V3 I1 I2 I3 I4 O1 O2
2023-06-06 00:06:59 21 12903 4880 0 265 188 33 0 0 0
2023-06-06 00:16:59 21 12903 4941 0 265 160 34 0 0 0
2023-06-06 00:26:59 21 12903 4880 0 225 181 33 0 0 0
2023-06-06 00:36:59 21 12903 4880 0 225 188 34 0 0 0
2023-06-06 00:46:59 21 12903 4880 0 225 193 35 0 0 0
2023-06-06 00:56:59 21 12903 4880 0 225 195 34 0 0 0
2023-06-06 01:06:59 21 12903 4880 0 225 191 34 0 0 0
2023-06-06 01:16:59 21 12903 4880 0 225 193 34 0 0 1
2023-06-06 01:26:59 21 12958 4880 0 183 182 34 0 0 0
2023-06-06 01:36:59 21 13068 4880 0 -2 194 34 0 0 0
2023-06-06 01:46:59 21 13068 4880 0 -2 194 34 0 0 0
2023-06-06 01:56:59 21 13068 4880 0 -2 190 34 0 0 1
2023-06-06 02:06:59 21 13068 4880 0 -2 194 35 0 0 0
2023-06-06 02:16:59 21 13068 4880 0 -2 195 34 0 0 0
2023-06-06 02:26:59 21 13068 4880 0 -2 192 33 0 0 0
2023-06-06 02:36:59 21 13068 4880 0 -3 194 34 0 0 0
2023-06-06 02:46:59 21 13068 4880 0 -2 189 34 0 0 0
2023-06-06 02:56:59 21 13068 4880 0 -2 192 34 0 0 0
2023-06-06 03:06:59 21 13068 4880 0 -2 195 33 0 0 0
2023-06-06 03:16:59 21 13068 4880 0 -2 192 33 0 0 1
2023-06-06 03:26:59 21 13068 4880 0 -2 189 34 0 0 0
2023-06-06 03:36:59 21 13068 4880 0 -2 195 34 0 0 0
2023-06-06 03:46:59 21 13013 4880 0 94 183 33 0 0 0
2023-06-06 03:56:59 21 12903 4880 0 227 192 34 0 0 0
2023-06-06 04:06:59 21 12903 4880 0 226 195 34 0 0 0
2023-06-06 04:16:59 21 12903 4880 0 226 196 33 0 0 0
2023-06-06 04:26:59 21 12903 4880 0 226 196 33 0 0 1
2023-06-06 04:36:59 21 12903 4880 0 226 192 34 0 0 0
2023-06-06 04:46:59 21 12903 4880 0 226 199 34 0 0 0
2023-06-06 04:56:59 21 12903 4880 0 226 192 33 0 0 0
2023-06-06 05:06:59 21 12848 4880 0 226 193 34 0 0 0
2023-06-06 05:16:59 21 12848 4880 0 226 195 33 0 0 0
2023-06-06 05:26:59 21 12848 4880 0 226 188 33 0 0 0
2023-06-06 05:36:59 21 12848 4880 0 226 195 34 0 0 0
2023-06-06 05:46:59 21 12848 4880 0 226 193 33 0 0 0
2023-06-06 05:56:59 21 12848 4880 0 226 193 34 0 0 0
2023-06-06 06:06:59 21 12848 4880 0 226 193 34 0 0 0
2023-06-06 06:16:59 21 12848 4880 0 226 195 33 0 0 0
2023-06-06 06:26:59 21 12848 4880 0 226 195 35 0 0 1
2023-06-06 06:36:59 21 12848 4880 0 226 190 33 0 0 0
2023-06-06 06:46:59 21 12793 4880 0 226 197 34 0 0 0
2023-06-06 06:56:59 21 12793 4880 0 227 196 33 0 0 0
2023-06-06 07:06:59 21 12793 4880 0 228 193 34 0 0 0
2023-06-06 07:16:59 21 12793 4880 0 228 196 33 0 0 0
2023-06-06 07:26:59 21 12793 4880 0 228 194 33 0 0 0
2023-06-06 07:36:59 21 12793 4880 0 228 194 34 0 0 0
2023-06-06 07:46:59 21 12793 4880 0 228 198 34 0 0 0
2023-06-06 07:56:59 21 12738 4880 0 228 184 33 0 0 0
2023-06-06 08:06:59 21 12738 4880 0 229 295 33 0 0 0
2023-06-06 08:16:59 21 12683 4880 0 229 317 33 0 0 0
2023-06-06 08:26:59 21 12683 4880 0 229 319 33 0 0 0
2023-06-06 08:36:59 21 12683 4880 0 229 318 34 0 0 0
2023-06-06 08:46:59 21 12683 4880 0 229 320 35 0 0 0
2023-06-06 08:56:59 21 12683 4880 0 229 318 33 0 0 0
2023-06-06 09:06:59 21 12738 4880 0 178 318 33 0 0 0
2023-06-06 09:16:59 21 12738 4880 0 168 319 33 0 0 0
2023-06-06 09:26:59 21 12738 4880 0 168 319 33 0 0 0
2023-06-06 09:36:59 21 12738 4880 0 168 319 33 0 0 0
2023-06-06 09:46:59 21 12738 4880 0 168 319 33 0 0 0
2023-06-06 09:56:59 21 12683 4880 0 168 319 34 0 0 0
2023-06-06 10:06:59 21 12683 4880 0 192 319 33 0 0 0
2023-06-06 10:16:59 21 12584 4880 0 357 316 33 0 0 0
2023-06-06 10:26:59 21 12529 4819 0 403 316 33 0 0 0
2023-06-06 10:36:59 21 12529 4819 110 403 316 33 0 55 0
2023-06-06 10:46:59 21 12529 4819 748 403 316 33 0 539 1
2023-06-06 10:56:59 21 12639 4880 5588 253 318 33 2 4895 3
2023-06-06 11:06:59 21 12639 4880 11396 230 316 34 3 11396 4
2023-06-06 11:16:59 21 12639 4880 13013 230 315 35 10 16610 13
2023-06-06 11:26:59 21 12793 4880 13277 60 313 35 18 18062 20
2023-06-06 11:36:59 21 12848 4880 13497 -3 313 36 29 18975 32
2023-06-06 11:46:59 21 12848 4880 14355 -2 314 36 64 20218 70
2023-06-06 11:56:59 21 12903 4880 14839 -3 314 36 97 20592 103
2023-06-06 12:06:59 21 12903 4880 14894 -3 313 36 120 20757 130
2023-06-06 12:16:59 21 12958 4880 15213 -2 313 35 152 20966 167
2023-06-06 12:26:59 21 13013 4880 15323 -3 311 35 201 21131 218
2023-06-06 12:36:59 21 13068 4880 15433 -3 303 35 257 21285 284
2023-06-06 12:46:59 21 13123 4880 15378 -3 296 35 327 21285 350
2023-06-06 12:56:59 21 13222 4880 15697 -3 257 36 369 21340 391
2023-06-06 13:06:59 21 13277 4880 15587 -3 245 36 416 21340 437
2023-06-06 13:16:59 21 13332 4880 15642 -3 225 36 461 21340 487
2023-06-06 13:26:59 21 13332 4880 15642 -3 196 35 503 21340 532
2023-06-06 13:36:59 21 13387 4880 15752 -3 198 35 541 21285 579
2023-06-06 13:46:59 21 13387 4880 15752 -3 258 35 584 21241 626
2023-06-06 13:56:59 21 13442 4880 15587 -3 305 33 642 21285 672
2023-06-06 14:06:59 21 13497 4880 15752 -3 238 34 676 21285 715
2023-06-06 14:16:59 21 13552 4880 15587 -3 232 34 727 21241 758
2023-06-06 14:26:59 21 13552 4880 15543 -3 272 34 765 21186 798
2023-06-06 14:36:59 21 13552 4880 15587 -3 272 34 793 21186 836
2023-06-06 14:46:59 21 13607 4880 15697 -2 274 34 820 21131 875
2023-06-06 14:56:59 21 13607 4880 15587 -3 275 34 860 21076 911
2023-06-06 15:06:59 21 13651 4880 15642 -3 275 34 880 21021 945
2023-06-06 15:16:59 21 13706 4880 15378 -3 277 33 939 20966 976
2023-06-06 15:26:59 21 13706 4880 15543 -3 278 34 954 20911 1006
2023-06-06 15:36:59 21 13761 4880 15642 -3 278 34 976 20966 1032
2023-06-06 15:46:59 21 13761 4880 15587 -3 279 34 997 20856 1057
2023-06-06 15:56:59 21 13816 4880 15697 -3 278 34 1013 20801 1081
2023-06-06 16:06:59 21 13761 4880 15587 -3 279 34 1024 20757 1103
2023-06-06 16:16:59 21 13871 4880 15587 -3 278 34 1067 20757 1121
2023-06-06 16:26:59 21 13816 4880 15972 -3 273 35 1035 20757 1135
2023-06-06 16:36:59 21 13871 4880 16027 -3 270 34 1057 20702 1150
2023-06-06 16:46:59 21 13816 4880 16027 -3 270 35 1041 20647 1164
2023-06-06 16:56:59 21 13871 4880 16236 -3 270 35 1035 20647 1175
2023-06-06 17:06:59 21 13871 4880 15972 -3 271 35 1060 20592 1185
2023-06-06 17:16:59 21 13871 4880 15488 -3 270 34 1093 20537 1194
2023-06-06 17:26:59 21 13871 4880 15862 -3 270 34 1058 20537 1195
2023-06-06 17:36:59 21 13926 4880 15917 -3 270 35 1057 20482 1191
2023-06-06 17:46:59 21 13981 4880 15543 -3 270 34 1086 20592 1184
2023-06-06 17:56:59 21 13981 4880 16984 -3 243 35 992 20801 1174
2023-06-06 18:06:59 21 14036 4880 18601 -4 264 34 778 20702 1163
2023-06-06 18:16:59 21 13981 4880 19195 -3 264 35 606 20702 1151
2023-06-06 18:26:59 21 14091 4880 19404 -3 263 34 513 20647 1142
2023-06-06 18:36:59 21 14190 4880 19888 -3 262 35 360 20702 1131
2023-06-06 18:46:59 21 14190 4880 19998 -3 261 35 237 20537 1119
2023-06-06 18:56:59 21 14135 4880 20053 -2 261 35 189 20482 1094
2023-06-06 19:06:59 21 14135 4880 20328 -2 261 35 166 20702 1064
2023-06-06 19:16:59 21 14190 4880 20372 -3 262 35 155 20702 1042
2023-06-06 19:26:59 21 14245 4880 20372 -3 262 36 152 20757 1009
2023-06-06 19:36:59 21 14245 4880 20427 -3 263 35 149 20757 975
2023-06-06 19:46:59 21 14245 4880 20482 -3 262 35 142 20801 942
2023-06-06 19:56:59 21 14245 4880 20427 -3 263 36 141 20801 910
2023-06-06 20:06:59 21 14245 4880 20482 -3 262 36 136 20856 876
2023-06-06 20:16:59 21 14245 4880 20592 -2 264 35 140 20911 835
2023-06-06 20:26:59 21 14245 4880 20482 -3 264 35 136 20856 797
2023-06-06 20:36:59 21 14245 4880 20537 -3 264 36 141 20966 753
2023-06-06 20:46:59 21 14245 4880 20482 -3 264 35 142 20911 702
2023-06-06 20:56:59 21 14245 4880 20592 -3 307 35 153 21076 652
2023-06-06 21:06:59 21 14091 4880 18117 -3 323 34 127 20856 339
2023-06-06 21:16:59 21 13332 4880 14300 -3 320 34 42 19734 44
2023-06-06 21:26:59 21 13123 4880 13816 -3 322 33 36 18491 38
2023-06-06 21:36:59 21 13068 4880 13761 -2 323 33 30 18337 33
2023-06-06 21:46:59 21 13068 4880 13816 -3 323 35 25 18117 28
2023-06-06 21:56:59 21 13068 4880 13607 -3 324 33 20 17798 22
2023-06-06 22:06:59 21 13068 4880 13552 -2 324 34 14 17149 16
2023-06-06 22:16:59 21 13068 4880 13277 -2 323 33 7 15752 10
2023-06-06 22:26:59 21 13068 4880 12639 -2 314 34 3 12738 5
2023-06-06 22:36:59 21 13068 4880 6127 -2 314 33 2 4895 3
2023-06-06 22:46:59 21 13013 5185 748 222 30 34 0 539 0
2023-06-06 22:56:59 21 13013 5185 55 224 -2 33 0 55 0
2023-06-06 23:06:59 21 13013 5185 0 224 -2 34 0 0 0
2023-06-06 23:16:59 21 13013 5185 0 224 -2 34 0 0 0
2023-06-06 23:26:59 21 13013 5185 0 224 -2 34 0 0 0
2023-06-06 23:36:59 21 12903 4941 0 224 180 33 2 0 2
2023-06-06 23:46:59 21 13013 5185 0 224 -2 34 0 0 0
2023-06-06 23:56:59 21 13013 5185 0 224 -2 34 0 0 0
