Time ID V1 V2 V3 I1 I2 I3 I4 O1 O2
2023-07-03 00:08:00 21 12958 5185 0 224 -2 35 0 0 0
2023-07-03 00:18:00 21 12958 5185 0 224 -2 34 0 0 0
2023-07-03 00:28:00 21 12958 5185 0 224 -2 35 0 0 0
2023-07-03 00:38:00 21 12958 5185 0 224 -2 33 0 0 0
2023-07-03 00:48:00 21 12958 5185 0 224 -2 33 0 0 0
2023-07-03 00:58:00 21 12958 5185 0 224 -2 33 0 0 0
2023-07-03 01:08:00 21 12958 5185 0 224 -2 33 0 0 0
2023-07-03 01:18:00 21 12958 5185 0 224 -2 33 0 0 0
2023-07-03 01:28:00 21 12958 5185 0 224 -2 33 0 0 0
2023-07-03 01:38:00 21 12958 5185 0 217 -2 34 0 0 0
2023-07-03 01:48:00 21 12958 4880 0 -2 450 35 0 0 0
2023-07-03 01:58:00 21 12958 4819 0 -2 490 33 0 0 0
2023-07-03 02:08:00 21 12958 4819 0 -2 491 33 0 0 0
2023-07-03 02:18:00 21 12958 4819 0 -2 489 35 0 0 0
2023-07-03 02:28:00 21 12958 4819 0 -2 483 34 0 0 0
2023-07-03 02:38:00 21 12958 4819 0 -2 458 33 0 0 0
2023-07-03 02:48:00 21 13013 4819 0 -2 388 35 0 0 0
2023-07-03 02:58:00 21 13013 4819 0 -2 325 33 0 0 0
2023-07-03 03:08:00 21 13013 4880 0 -3 274 34 0 0 0
2023-07-03 03:18:00 21 13068 4880 0 -2 233 34 0 0 0
2023-07-03 03:28:00 21 13068 4880 0 -2 201 34 0 0 0
2023-07-03 03:38:00 21 13068 4880 0 -2 176 34 0 0 0
2023-07-03 03:48:00 21 13068 4880 0 -2 150 34 0 0 0
2023-07-03 03:58:00 21 13068 4880 0 -2 121 34 0 0 0
2023-07-03 04:08:00 21 13068 4941 0 -2 94 34 0 0 0
2023-07-03 04:18:00 21 12958 4819 0 -2 405 33 0 0 0
2023-07-03 04:28:00 21 12958 4819 0 -2 421 34 0 0 1
2023-07-03 04:38:00 21 13013 4819 0 -2 370 34 0 0 0
2023-07-03 04:48:00 21 13013 4880 0 -3 298 34 0 0 0
2023-07-03 04:58:00 21 13013 4880 0 -2 254 34 0 0 0
2023-07-03 05:08:00 21 13068 4880 0 -2 130 34 0 0 0
2023-07-03 05:18:00 21 13068 4880 0 -2 150 34 0 0 0
2023-07-03 05:28:00 21 13068 4880 0 -2 155 34 0 0 0
2023-07-03 05:38:00 21 13068 4880 0 -2 128 33 0 0 0
2023-07-03 05:48:00 21 13068 4880 0 -2 105 33 0 0 0
2023-07-03 05:58:00 21 13068 4880 0 -2 86 33 0 0 0
2023-07-03 06:08:00 21 13068 4880 0 -2 50 34 0 0 0
2023-07-03 06:18:00 21 13123 4880 0 -2 39 33 0 0 0
2023-07-03 06:28:00 21 13123 4880 0 -2 45 34 0 0 0
2023-07-03 06:38:00 21 13123 5124 0 -2 8 34 0 0 0
2023-07-03 06:48:00 21 13013 5185 0 148 -2 34 0 0 0
2023-07-03 06:58:00 21 12903 5185 0 226 -2 35 0 0 0
2023-07-03 07:08:00 21 12903 5185 0 226 -2 34 0 0 0
2023-07-03 07:18:00 21 12903 5185 0 226 -2 35 0 0 0
2023-07-03 07:28:00 21 12903 5185 0 226 -2 34 0 0 0
2023-07-03 07:38:00 21 12848 5185 0 226 -2 35 0 0 0
2023-07-03 07:48:00 21 12848 5185 0 226 -2 34 0 0 0
2023-07-03 07:58:00 21 12848 5185 0 226 -2 33 0 0 0
2023-07-03 08:08:00 21 12848 5185 0 226 -2 33 0 0 0
2023-07-03 08:18:00 21 12848 5185 0 226 -2 34 0 0 0
2023-07-03 08:28:00 21 12848 5185 0 227 -2 34 0 0 0
2023-07-03 08:38:00 21 12848 5185 0 228 -2 33 0 0 0
2023-07-03 08:48:00 21 12848 5185 0 228 -2 34 0 0 0
2023-07-03 08:58:00 21 12793 5185 0 228 -2 34 0 0 0
2023-07-03 09:08:00 21 12793 5185 0 228 -2 34 0 0 0
2023-07-03 09:18:00 21 12793 5185 0 228 -2 34 0 0 0
2023-07-03 09:28:00 21 12793 5185 0 228 -2 33 0 0 0
2023-07-03 09:38:00 21 12793 5124 0 228 -2 33 0 0 0
2023-07-03 09:48:00 21 12793 5124 0 228 -2 34 0 0 0
2023-07-03 09:58:00 21 12793 5124 0 228 -3 34 0 0 0
2023-07-03 10:08:00 21 12793 5124 0 228 -2 33 0 0 0
2023-07-03 10:18:00 21 12793 5124 0 229 -3 33 0 0 0
2023-07-03 10:28:00 21 12793 5124 0 229 -2 34 0 0 0
2023-07-03 10:38:00 21 12848 5185 0 125 -2 35 0 0 1
2023-07-03 10:48:00 21 12958 5185 319 -2 -2 35 0 264 0
2023-07-03 10:58:00 21 12793 5124 3817 210 -2 34 2 3223 2
2023-07-03 11:08:00 21 12793 5124 11242 229 -2 35 3 11022 4
2023-07-03 11:18:00 21 12738 5124 12903 229 -3 36 5 15213 7
2023-07-03 11:28:00 21 12848 5124 13332 117 -2 35 10 17259 12
2023-07-03 11:38:00 21 12958 5063 13442 -3 65 35 15 18117 17
2023-07-03 11:48:00 21 12903 4880 13607 -2 231 36 26 19030 31
2023-07-03 11:58:00 21 12903 4880 14465 -3 233 36 62 20372 67
2023-07-03 12:08:00 21 12958 4880 14729 -2 234 35 87 20647 98
2023-07-03 12:18:00 21 12958 4880 15004 -2 234 34 123 20856 136
2023-07-03 12:28:00 21 13013 4880 15158 -3 235 35 155 20966 173
2023-07-03 12:38:00 21 13068 4880 15378 -3 235 35 186 21021 216
2023-07-03 12:48:00 21 13123 4880 15268 -3 235 36 251 21076 279
2023-07-03 12:58:00 21 13167 4880 15433 -2 235 36 309 21131 327
2023-07-03 13:08:00 21 13222 4880 15488 -3 286 35 355 21131 375
2023-07-03 13:18:00 21 13277 4880 15433 -3 308 35 402 21131 423
2023-07-03 13:28:00 21 13332 4880 15433 -3 309 36 446 21131 470
2023-07-03 13:38:00 21 13332 4880 15488 -3 313 35 486 21076 517
2023-07-03 13:48:00 21 13387 4880 15543 -3 317 35 527 21021 563
2023-07-03 13:58:00 21 13442 4880 15488 -2 318 36 573 21021 609
2023-07-03 14:08:00 21 13497 4880 15642 -3 320 34 607 20966 652
2023-07-03 14:18:00 21 13497 4880 15642 -3 320 35 645 21021 695
2023-07-03 14:28:00 21 13607 4941 15642 -3 250 35 680 20966 736
2023-07-03 14:38:00 21 13651 5246 15862 -3 -1 35 692 20911 775
2023-07-03 14:48:00 21 13706 5246 15917 -2 -1 34 731 20801 814
2023-07-03 14:58:00 21 13706 5246 15807 -3 -2 35 761 20801 850
2023-07-03 15:08:00 21 13761 5246 15972 -3 -1 34 769 20801 884
2023-07-03 15:18:00 21 13761 5246 15972 -3 -1 35 794 20702 918
2023-07-03 15:28:00 21 13761 5246 15752 -3 -2 35 844 20702 950
2023-07-03 15:38:00 21 13816 5246 16027 -2 -1 34 859 20856 977
2023-07-03 15:48:00 21 13816 5246 16181 -3 -1 34 847 20801 1003
2023-07-03 15:58:00 21 13816 5246 15917 -2 -1 33 897 20702 1028
2023-07-03 16:08:00 21 13871 5246 15917 -3 -1 33 909 20592 1050
2023-07-03 16:18:00 21 13871 5246 15807 -3 -1 34 929 20592 1070
2023-07-03 16:28:00 21 13871 5246 15917 -3 -1 34 936 20592 1088
2023-07-03 16:38:00 21 13871 5185 15862 -3 30 35 938 20537 1104
2023-07-03 16:48:00 21 13926 4880 15433 -3 316 35 1038 20537 1117
2023-07-03 16:58:00 21 13981 5002 15807 -3 167 34 1003 20482 1129
2023-07-03 17:08:00 21 13981 5063 17468 -3 185 34 798 20372 1139
2023-07-03 17:18:00 21 13981 4880 18227 -3 431 35 730 20328 1143
2023-07-03 17:28:00 21 14036 4880 18766 -3 435 35 627 20328 1145
2023-07-03 17:38:00 21 14190 4880 19195 -3 404 35 489 20372 1144
2023-07-03 17:48:00 21 14135 4880 19679 -3 357 35 286 20328 1140
2023-07-03 17:58:00 21 14036 4880 19789 -3 427 35 236 20328 1132
2023-07-03 18:08:00 21 14036 4880 19789 -3 387 35 211 20273 1124
2023-07-03 18:18:00 21 14091 4880 19844 -3 345 36 206 20328 1116
2023-07-03 18:28:00 21 14190 4880 19888 -3 341 35 180 20328 1105
2023-07-03 18:38:00 21 14245 4880 20053 -3 336 35 166 20427 1089
2023-07-03 18:48:00 21 14245 4880 20163 -2 348 35 167 20537 1067
2023-07-03 18:58:00 21 14245 4880 20108 -2 349 36 172 20537 1051
2023-07-03 19:08:00 21 14245 4880 20108 -2 349 36 174 20537 1028
2023-07-03 19:18:00 21 14245 4880 20163 -3 349 36 167 20592 1002
2023-07-03 19:28:00 21 14245 4880 20273 -2 327 36 170 20702 974
2023-07-03 19:38:00 21 14245 4880 20108 -3 480 35 212 20592 946
2023-07-03 19:48:00 21 14245 4819 19998 -3 719 35 268 20702 913
2023-07-03 19:58:00 21 14245 4819 19998 -3 687 35 262 20702 879
2023-07-03 20:08:00 21 14245 4819 19998 -3 712 35 270 20702 842
2023-07-03 20:18:00 21 14245 4819 19888 -3 727 34 273 20647 808
2023-07-03 20:28:00 21 14245 4819 19844 -3 730 35 270 20647 771
2023-07-03 20:38:00 21 14245 4819 20053 -3 532 35 224 20757 726
2023-07-03 20:48:00 21 14245 4819 20108 -3 550 35 222 20801 679
2023-07-03 20:58:00 21 14245 4819 20053 -3 542 35 229 20856 634
2023-07-03 21:08:00 21 14245 4819 19459 -3 670 35 265 20911 551
2023-07-03 21:18:00 21 13277 4819 14839 -3 682 33 67 20328 84
2023-07-03 21:28:00 21 13013 4819 14036 -3 637 33 38 18975 40
2023-07-03 21:38:00 21 13068 4941 13761 -2 487 33 33 18337 35
2023-07-03 21:48:00 21 13167 5185 13816 -1 -3 33 28 18172 30
2023-07-03 21:58:00 21 13167 5185 13761 -2 -1 33 22 17908 25
2023-07-03 22:08:00 21 13167 5185 13706 -2 -1 33 16 17369 19
2023-07-03 22:18:00 21 13167 5185 13651 -2 -1 33 9 16291 12
2023-07-03 22:28:00 21 13167 5185 13222 -2 -1 33 4 14036 6
2023-07-03 22:38:00 21 13167 5246 10483 -2 -2 34 3 9570 3
2023-07-03 22:48:00 21 13123 5246 2420 36 -1 34 1 1672 2
2023-07-03 22:58:00 21 13013 5185 220 225 -2 34 0 165 0
2023-07-03 23:08:00 21 12958 5185 0 224 -3 33 2 0 2
2023-07-03 23:18:00 21 12958 5124 0 224 44 34 0 0 0
2023-07-03 23:28:00 21 12793 4819 0 220 615 33 2 0 2
2023-07-03 23:38:00 21 12793 4819 0 211 708 33 5 0 6
2023-07-03 23:48:00 21 12793 4819 0 206 734 32 7 0 8
2023-07-03 23:58:00 21 12793 4819 0 224 739 34 1 0 2
