Time ID V1 V2 V3 I1 I2 I3 I4 O1 O2
2023-05-07 00:09:07 21 12639 4819 0 230 772 34 0 0 0
2023-05-07 00:19:07 21 12639 4819 0 230 790 34 0 0 0
2023-05-07 00:29:07 21 12639 4819 0 230 802 34 0 0 0
2023-05-07 00:39:07 21 12639 4819 0 230 806 34 0 0 0
2023-05-07 00:49:07 21 12639 4819 0 230 806 35 0 0 0
2023-05-07 00:59:07 21 12584 4819 0 230 808 35 0 0 0
2023-05-07 01:09:07 21 12738 4880 0 228 246 33 0 0 0
2023-05-07 01:19:07 21 12738 4880 0 228 208 33 0 0 0
2023-05-07 01:29:07 21 12738 4880 0 228 205 34 0 0 0
2023-05-07 01:39:07 21 12738 4880 0 228 202 33 0 0 0
2023-05-07 01:49:07 21 12738 4880 0 228 201 34 0 0 0
2023-05-07 01:59:07 21 12584 4819 0 231 817 34 0 0 0
2023-05-07 02:09:07 21 12529 4819 0 231 831 33 0 0 0
2023-05-07 02:19:07 21 12529 4819 0 231 822 34 0 0 0
2023-05-07 02:29:07 21 12529 4819 0 231 815 34 0 0 0
2023-05-07 02:39:07 21 12529 4819 0 231 808 34 0 0 0
2023-05-07 02:49:07 21 12529 4819 0 232 801 33 0 0 0
2023-05-07 02:59:07 21 12529 4819 0 233 794 34 0 0 0
2023-05-07 03:09:07 21 12474 4819 0 233 786 34 0 0 0
2023-05-07 03:19:07 21 12474 4819 0 233 778 34 0 0 0
2023-05-07 03:29:07 21 12474 4819 0 233 769 33 0 0 0
2023-05-07 03:39:07 21 12474 4819 0 233 759 33 0 0 0
2023-05-07 03:49:07 21 12419 4819 0 234 748 34 0 0 0
2023-05-07 03:59:07 21 12419 4819 0 234 735 33 0 0 0
2023-05-07 04:09:07 21 12419 4819 0 234 722 33 0 0 0
2023-05-07 04:19:07 21 12364 4819 0 234 710 34 0 0 0
2023-05-07 04:29:07 21 12474 4819 0 45 702 34 0 0 0
2023-05-07 04:39:07 21 12529 4819 0 -2 692 35 0 0 0
2023-05-07 04:49:07 21 12529 4819 0 -2 682 34 0 0 0
2023-05-07 04:59:07 21 12529 4819 0 -2 668 33 0 0 0
2023-05-07 05:09:07 21 12529 4819 0 -2 652 33 0 0 0
2023-05-07 05:19:07 21 12529 4819 0 -2 635 33 0 0 0
2023-05-07 05:29:07 21 12529 4819 0 -2 621 35 0 0 0
2023-05-07 05:39:07 21 12474 4819 0 -2 609 34 0 0 0
2023-05-07 05:49:07 21 12474 4819 0 -2 598 34 0 0 0
2023-05-07 05:59:07 21 12474 4819 0 -3 586 34 0 0 0
2023-05-07 06:09:07 21 12474 4819 0 -2 573 34 0 0 0
2023-05-07 06:19:07 21 12474 4819 0 -2 561 35 0 0 0
2023-05-07 06:29:07 21 12419 4819 0 -2 548 33 0 0 0
2023-05-07 06:39:07 21 12419 4819 0 -2 534 34 0 0 0
2023-05-07 06:49:07 21 12419 4819 0 -2 521 34 0 0 0
2023-05-07 06:59:07 21 12419 4819 0 -3 507 34 0 0 0
2023-05-07 07:09:07 21 12419 4819 0 -2 494 35 0 0 1
2023-05-07 07:19:07 21 12419 4819 0 -2 481 34 0 0 0
2023-05-07 07:29:07 21 12419 4819 0 -2 442 34 0 0 0
2023-05-07 07:39:07 21 12419 4819 0 -2 362 34 0 0 0
2023-05-07 07:49:07 21 12474 4880 0 -2 305 35 0 0 0
2023-05-07 07:59:07 21 12474 4880 0 -2 259 35 0 0 0
2023-05-07 08:09:07 21 12474 4880 0 -3 224 34 0 0 0
2023-05-07 08:19:07 21 12584 4880 0 -2 8 33 0 0 0
2023-05-07 08:29:07 21 12584 4880 0 -2 1 34 0 0 0
2023-05-07 08:39:07 21 12584 4880 0 -2 1 33 0 0 0
2023-05-07 08:49:07 21 12584 4880 0 -2 1 33 0 0 0
2023-05-07 08:59:07 21 12584 4880 0 -2 1 33 0 0 0
2023-05-07 09:09:07 21 12584 4880 0 -2 1 34 0 0 0
2023-05-07 09:19:07 21 12584 4880 0 -2 1 34 0 0 0
2023-05-07 09:29:07 21 12584 4880 0 -2 1 33 0 0 0
2023-05-07 09:39:07 21 12584 4880 0 -2 1 34 0 0 0
2023-05-07 09:49:07 21 12584 4880 0 -2 1 34 0 0 0
2023-05-07 09:59:07 21 12584 4880 0 -2 1 34 0 0 0
2023-05-07 10:09:07 21 12584 4880 0 -2 1 34 0 0 0
2023-05-07 10:19:07 21 12584 4880 0 -2 1 34 0 0 0
2023-05-07 10:29:07 21 12584 4880 0 -2 1 34 0 0 0
2023-05-07 10:39:07 21 12584 4880 649 -2 1 34 0 484 0
2023-05-07 10:49:07 21 12584 4880 6017 -2 1 35 2 5533 3
2023-05-07 10:59:07 21 12584 5002 12100 -2 0 34 3 12309 4
2023-05-07 11:09:07 21 12584 5124 12848 -2 54 35 6 15587 8
2023-05-07 11:19:07 21 12309 4819 12848 -2 469 35 14 17468 16
2023-05-07 11:29:07 21 12364 4880 13068 -3 361 34 28 18656 30
2023-05-07 11:39:07 21 12419 4880 13706 -2 305 35 50 19514 54
2023-05-07 11:49:07 21 12474 4880 14465 -2 306 35 94 20328 101
2023-05-07 11:59:07 21 12529 4880 14894 -3 308 34 132 20592 143
2023-05-07 12:09:07 21 12584 4880 14729 -3 309 35 156 20537 162
2023-05-07 12:19:07 21 12529 4880 14839 -3 309 34 139 20482 148
2023-05-07 12:29:07 21 12529 4880 14674 -3 312 35 134 20427 140
2023-05-07 12:39:07 21 12584 4880 14674 -2 257 34 131 20372 138
2023-05-07 12:49:07 21 12639 4880 15004 -3 232 35 155 20592 166
2023-05-07 12:59:07 21 12683 4880 15059 -3 235 33 203 20856 214
2023-05-07 13:09:07 21 12793 4880 15158 -3 239 35 277 21021 290
2023-05-07 13:19:07 21 12848 4880 15323 -4 243 33 297 20966 313
2023-05-07 13:29:07 21 12903 4880 15158 -4 246 33 312 20966 327
2023-05-07 13:39:07 21 12903 4880 15103 -4 253 33 335 21076 350
2023-05-07 13:49:07 21 13013 5124 15378 -3 60 34 366 21131 393
2023-05-07 13:59:07 21 13068 5185 15323 -3 -2 34 378 21021 396
2023-05-07 14:09:07 21 13013 5185 15378 -3 -2 34 342 20966 363
2023-05-07 14:19:07 21 12903 4941 15059 -3 232 34 259 20757 271
2023-05-07 14:29:07 21 12793 4819 14839 -3 367 35 200 20592 209
2023-05-07 14:39:07 21 12793 4819 15004 -3 371 34 190 20647 203
2023-05-07 14:49:07 21 12848 4819 15103 -3 374 34 285 20966 303
2023-05-07 14:59:07 21 12958 4880 15213 -3 376 34 438 21241 463
2023-05-07 15:09:07 21 13167 4880 15323 -3 380 35 704 21340 734
2023-05-07 15:19:07 21 13167 4880 15213 -3 380 33 675 21021 703
2023-05-07 15:29:07 21 13167 4880 15378 -2 380 35 622 21076 680
2023-05-07 15:39:07 21 13222 4880 15543 -3 380 35 627 21076 652
2023-05-07 15:49:07 21 13332 4880 15488 -3 381 34 793 21186 822
2023-05-07 15:59:07 21 13277 4880 15213 -3 380 34 664 21076 683
2023-05-07 16:09:07 21 13222 4880 15268 -2 379 34 535 21076 554
2023-05-07 16:19:07 21 13167 4880 15323 -3 379 34 468 21021 489
2023-05-07 16:29:07 21 13167 4880 15323 -3 377 34 429 20911 452
2023-05-07 16:39:07 21 13167 4880 15213 -2 374 34 391 20801 418
2023-05-07 16:49:07 21 13167 4880 15268 -3 365 34 390 20801 417
2023-05-07 16:59:07 21 13167 4880 15268 -3 323 35 390 20856 415
2023-05-07 17:09:07 21 13167 4880 15433 -2 279 34 381 20911 407
2023-05-07 17:19:07 21 13222 4880 15433 -3 242 35 396 20911 425
2023-05-07 17:29:07 21 13222 4880 15433 -2 212 35 419 20856 449
2023-05-07 17:39:07 21 13277 4880 15268 -2 186 34 406 20801 434
2023-05-07 17:49:07 21 13277 4880 15433 -3 164 34 379 20757 412
2023-05-07 17:59:07 21 13277 4880 15268 -2 146 34 375 20856 399
2023-05-07 18:09:07 21 13222 4880 15213 -3 131 34 333 20757 354
2023-05-07 18:19:07 21 13222 4880 15323 -3 118 34 288 20647 313
2023-05-07 18:29:07 21 13277 4880 15103 -3 0 34 286 20647 307
2023-05-07 18:39:07 21 13277 4880 15158 -3 17 33 287 20702 308
2023-05-07 18:49:07 21 13222 4880 15268 -2 31 33 245 20537 267
2023-05-07 18:59:07 21 13222 4880 15059 -2 26 34 232 20537 250
2023-05-07 19:09:07 21 13222 4880 15103 -3 28 34 244 20592 263
2023-05-07 19:19:07 21 13222 4880 15323 -2 23 34 266 20647 291
2023-05-07 19:29:07 21 13277 4880 15103 -3 28 34 253 20592 271
2023-05-07 19:39:07 21 13222 4880 15004 -3 23 34 231 20482 248
2023-05-07 19:49:07 21 13222 4880 15158 -3 35 34 221 20482 242
2023-05-07 19:59:07 21 13167 4880 14839 -3 261 34 217 20427 234
2023-05-07 20:09:07 21 13123 4819 14784 -3 398 34 217 20427 231
2023-05-07 20:19:07 21 13068 4819 14839 -2 395 34 180 20273 196
2023-05-07 20:29:07 21 13068 4819 14729 -2 394 34 170 20218 184
2023-05-07 20:39:07 21 13068 4819 14619 -2 393 34 171 20273 183
2023-05-07 20:49:07 21 13013 4880 14674 -3 391 34 142 20108 152
2023-05-07 20:59:07 21 13013 4819 14520 -2 390 34 144 20163 153
2023-05-07 21:09:07 21 13013 4819 14575 -3 387 33 138 20273 147
2023-05-07 21:19:07 21 13013 4819 14674 -3 386 34 134 20108 141
2023-05-07 21:29:07 21 12958 4819 14091 -2 383 34 80 19514 83
2023-05-07 21:39:07 21 12903 4880 13981 -2 381 33 53 19085 56
2023-05-07 21:49:07 21 12903 4819 13761 -2 377 33 33 18436 36
2023-05-07 21:59:07 21 12903 4819 13442 -2 374 34 20 17688 23
2023-05-07 22:09:07 21 12848 4819 13332 -2 371 34 11 16500 13
2023-05-07 22:19:07 21 12848 4819 12848 -2 369 33 6 14575 7
2023-05-07 22:29:07 21 12738 4819 10219 142 386 35 3 9405 3
2023-05-07 22:39:07 21 12639 4819 3872 230 362 34 2 2849 2
2023-05-07 22:49:07 21 12639 4819 319 230 358 34 0 220 0
2023-05-07 22:59:07 21 12584 4819 0 230 354 34 0 0 0
2023-05-07 23:09:07 21 12584 4880 0 230 328 34 0 0 0
2023-05-07 23:19:07 21 12683 5185 0 229 -2 34 0 0 0
2023-05-07 23:29:07 21 12584 5002 0 362 16 34 0 0 0
2023-05-07 23:39:07 21 12474 4880 0 403 14 33 0 0 0
2023-05-07 23:49:07 21 12474 4880 0 404 16 34 0 0 0
2023-05-07 23:59:07 21 12474 5002 0 338 15 35 0 0 0
