Time ID V1 V2 V3 I1 I2 I3 I4 O1 O2
2023-05-24 00:03:38 21 12793 4819 55 394 402 33 1 0 1
2023-05-24 00:13:38 21 12793 4819 55 394 416 33 3 0 2
2023-05-24 00:23:38 21 12793 4819 55 394 416 34 0 0 1
2023-05-24 00:33:38 21 12793 4819 55 394 415 34 3 0 2
2023-05-24 00:43:38 21 12738 4819 55 395 415 34 1 0 2
2023-05-24 00:53:38 21 12793 4941 55 394 246 32 7 0 8
2023-05-24 01:03:38 21 12738 4819 55 395 399 31 12 0 11
2023-05-24 01:13:38 21 12738 4819 55 395 416 34 0 0 0
2023-05-24 01:23:38 21 12738 4819 55 396 416 33 1 0 0
2023-05-24 01:33:38 21 12793 5063 55 394 102 34 0 0 0
2023-05-24 01:43:38 21 12848 5185 0 394 -3 34 1 0 2
2023-05-24 01:53:38 21 12793 5185 0 394 -2 34 0 0 0
2023-05-24 02:03:38 21 12793 5185 0 394 -2 34 0 0 0
2023-05-24 02:13:38 21 12793 5185 0 394 -3 35 0 0 0
2023-05-24 02:23:38 21 12793 5185 0 395 -2 33 0 0 1
2023-05-24 02:33:38 21 12738 5185 0 395 -2 34 0 0 0
2023-05-24 02:43:38 21 12738 5185 0 395 -3 33 1 0 1
2023-05-24 02:53:38 21 12738 5185 0 395 -3 33 1 0 1
2023-05-24 03:03:38 21 12738 5185 0 396 -3 34 1 0 1
2023-05-24 03:13:38 21 12738 5185 0 396 -3 33 1 0 0
2023-05-24 03:23:38 21 12738 5185 0 396 -3 34 0 0 0
2023-05-24 03:33:38 21 12738 5185 0 396 -2 34 0 0 0
2023-05-24 03:43:38 21 12683 5063 0 341 145 33 0 0 0
2023-05-24 03:53:38 21 12683 4819 0 229 417 34 0 0 0
2023-05-24 04:03:38 21 12683 4819 0 229 417 34 0 0 0
2023-05-24 04:13:38 21 12683 4819 0 229 416 34 0 0 0
2023-05-24 04:23:38 21 12683 4819 0 229 416 33 0 0 0
2023-05-24 04:33:38 21 12738 4941 0 229 276 34 0 0 0
2023-05-24 04:43:38 21 12738 5063 0 228 140 34 0 0 0
2023-05-24 04:53:38 21 12683 4819 0 229 415 33 0 0 0
2023-05-24 05:03:38 21 12683 4819 0 230 415 34 0 0 0
2023-05-24 05:13:38 21 12639 4819 0 230 415 34 0 0 0
2023-05-24 05:23:38 21 12683 4880 0 230 354 33 0 0 0
2023-05-24 05:33:38 21 12683 4819 0 230 369 34 0 0 0
2023-05-24 05:43:38 21 12639 4819 0 230 374 33 0 0 0
2023-05-24 05:53:38 21 12639 4819 0 230 375 34 0 0 0
2023-05-24 06:03:38 21 12639 4819 0 230 376 34 0 0 0
2023-05-24 06:13:38 21 12639 4819 0 230 377 34 0 0 0
2023-05-24 06:23:38 21 12639 4819 0 230 379 34 0 0 0
2023-05-24 06:33:38 21 12683 4941 0 230 240 34 0 0 0
2023-05-24 06:43:38 21 12738 5185 0 229 -2 33 0 0 0
2023-05-24 06:53:38 21 12738 5185 0 229 -2 34 0 0 0
2023-05-24 07:03:38 21 12738 5185 0 229 -2 34 0 0 0
2023-05-24 07:13:38 21 12738 5185 0 229 -3 33 0 0 0
2023-05-24 07:23:38 21 12738 5185 0 229 -2 34 0 0 0
2023-05-24 07:33:38 21 12738 5185 0 229 -2 33 0 0 0
2023-05-24 07:43:38 21 12738 5185 0 229 -2 34 0 0 0
2023-05-24 07:53:38 21 12683 5185 0 229 -2 34 0 0 0
2023-05-24 08:03:38 21 12683 5185 0 229 -2 34 0 0 0
2023-05-24 08:13:38 21 12683 5185 0 229 -2 34 0 0 0
2023-05-24 08:23:38 21 12683 5185 0 229 -2 34 0 0 0
2023-05-24 08:33:38 21 12683 5185 0 229 -2 34 0 0 0
2023-05-24 08:43:38 21 12683 5185 0 229 -2 34 0 0 0
2023-05-24 08:53:38 21 12683 5185 0 230 -2 33 0 0 0
2023-05-24 09:03:38 21 12683 5185 0 230 -2 34 0 0 0
2023-05-24 09:13:38 21 12683 5185 0 230 -2 34 0 0 0
2023-05-24 09:23:38 21 12639 5185 0 230 -2 34 0 0 0
2023-05-24 09:33:38 21 12639 5185 0 230 -2 33 0 0 0
2023-05-24 09:43:38 21 12639 5185 0 230 -2 34 0 0 0
2023-05-24 09:53:38 21 12639 5185 0 230 -2 33 0 0 0
2023-05-24 10:03:38 21 12639 5185 0 248 -2 34 0 0 0
2023-05-24 10:13:38 21 12474 5124 0 405 -2 34 0 0 0
2023-05-24 10:23:38 21 12474 5124 0 405 -2 34 0 0 0
2023-05-24 10:33:38 21 12419 5124 110 405 -2 35 0 110 1
2023-05-24 10:43:38 21 12419 5124 858 400 -2 33 0 649 1
2023-05-24 10:53:38 21 12584 5185 5434 231 -2 34 2 4785 3
2023-05-24 11:03:38 21 12584 5185 11935 231 -2 34 3 12364 4
2023-05-24 11:13:38 21 12529 5063 12848 216 91 34 6 15972 9
2023-05-24 11:23:38 21 12584 4819 13068 -3 404 33 14 17743 15
2023-05-24 11:33:38 21 12584 4819 13167 -3 404 34 18 18117 20
2023-05-24 11:43:38 21 12584 4819 13277 -2 400 34 28 18876 31
2023-05-24 11:53:38 21 12683 4880 14300 -18 290 32 72 20163 81
2023-05-24 12:03:38 21 12683 4819 14949 -4 415 35 123 20757 135
2023-05-24 12:13:38 21 12738 4819 15158 -5 414 33 172 20911 188
2023-05-24 12:23:38 21 12848 4819 15213 -3 415 33 252 21131 277
2023-05-24 12:33:38 21 12848 4819 15213 -3 415 34 267 20966 293
2023-05-24 12:43:38 21 12848 4819 15059 -4 415 34 245 20856 258
2023-05-24 12:53:38 21 12848 4819 15158 -10 413 33 234 20702 239
2023-05-24 13:03:38 21 12793 4819 14729 -7 414 33 172 20537 191
2023-05-24 13:13:38 21 12903 4819 15268 -9 413 34 321 21131 342
2023-05-24 13:23:38 21 13123 4819 15587 -7 415 33 482 21241 501
2023-05-24 13:33:38 21 13167 4880 15378 -6 414 33 545 21241 572
2023-05-24 13:43:38 21 13222 4819 15543 -6 492 33 586 21186 627
2023-05-24 13:53:38 21 13222 4819 15433 -5 575 33 646 21131 684
2023-05-24 14:03:38 21 13277 4819 15433 -5 575 33 663 21076 693
2023-05-24 14:13:38 21 13332 4819 15323 -7 571 33 712 21076 753
2023-05-24 14:23:38 21 13387 4819 15378 -10 568 31 776 21076 814
2023-05-24 14:33:38 21 13387 4819 15488 -10 568 31 765 21021 818
2023-05-24 14:43:38 21 13497 4880 15323 -10 558 30 855 21021 880
2023-05-24 14:53:38 21 13497 4880 15642 -9 533 31 879 20966 917
2023-05-24 15:03:38 21 13497 4880 15433 -9 533 31 825 21021 869
2023-05-24 15:13:38 21 13332 4880 15378 -9 531 31 613 20856 654
2023-05-24 15:23:38 21 13552 4880 16027 -9 533 31 930 21131 1002
2023-05-24 15:33:38 21 13607 4880 15323 -7 552 32 1058 21021 1083
2023-05-24 15:43:38 21 13552 4880 15323 -4 586 32 1009 20757 1052
2023-05-24 15:53:38 21 13497 4880 15433 -4 585 32 863 20801 908
2023-05-24 16:03:38 21 13552 4880 15323 -4 587 34 903 20856 930
2023-05-24 16:13:38 21 13497 4880 15807 -4 587 33 862 20856 936
2023-05-24 16:23:38 21 13651 4880 15697 -4 587 33 1105 20702 1165
2023-05-24 16:33:38 21 13552 4880 15433 -3 585 33 973 20592 1055
2023-05-24 16:43:38 21 13651 4880 15543 -3 586 34 1100 20537 1182
2023-05-24 16:53:38 21 13651 4880 15543 -3 585 34 1118 20482 1205
2023-05-24 17:03:38 21 13651 4880 15587 -3 585 34 1087 20427 1193
2023-05-24 17:13:38 21 13552 4880 15488 -3 584 34 893 20372 976
2023-05-24 17:23:38 21 13497 4880 15268 -3 456 34 770 20537 837
2023-05-24 17:33:38 21 13651 4880 15917 -3 315 35 1000 20757 1131
2023-05-24 17:43:38 21 13607 4880 15642 -3 380 34 916 20537 1031
2023-05-24 17:53:38 21 13607 4880 15268 -3 620 33 979 20427 1032
2023-05-24 18:03:38 21 13607 4880 15323 -3 620 35 934 20482 1023
2023-05-24 18:13:38 21 13607 4819 15323 -3 616 34 894 20482 960
2023-05-24 18:23:38 21 13497 4819 15543 -2 607 34 776 20702 844
2023-05-24 18:33:38 21 13552 4819 15543 -2 593 34 773 20702 849
2023-05-24 18:43:38 21 13706 4880 15488 -3 596 34 1032 20702 1100
2023-05-24 18:53:38 21 13706 4880 15587 -2 596 33 1047 20482 1140
2023-05-24 19:03:38 21 13706 4880 15433 -3 601 34 1032 20482 1091
2023-05-24 19:13:38 21 13442 4819 15103 -3 597 34 587 20163 624
2023-05-24 19:23:38 21 13607 4819 15587 -3 596 33 852 20856 939
2023-05-24 19:33:38 21 13706 4880 15268 -3 583 34 961 20647 1014
2023-05-24 19:43:38 21 13651 4880 15543 -2 560 34 870 20702 953
2023-05-24 19:53:38 21 13706 4880 15642 -3 450 33 868 20757 948
2023-05-24 20:03:38 21 13607 4880 15433 -3 545 35 819 20537 901
2023-05-24 20:13:38 21 13607 4880 15433 -3 437 35 769 20482 856
2023-05-24 20:23:38 21 13607 4880 15488 -2 416 34 729 20537 809
2023-05-24 20:33:38 21 13607 4880 15433 -3 472 34 699 20647 761
2023-05-24 20:43:38 21 13607 4880 15488 -3 441 34 647 20757 702
2023-05-24 20:53:38 21 13552 4880 15587 -3 455 34 588 20856 635
2023-05-24 21:03:38 21 13387 4880 15433 -2 438 33 358 20757 437
2023-05-24 21:13:38 21 13123 4880 14674 -2 482 34 71 20053 77
2023-05-24 21:23:38 21 13123 4880 14091 -2 424 34 58 18975 60
2023-05-24 21:33:38 21 13123 4880 14036 -2 466 33 56 19085 59
2023-05-24 21:43:38 21 13123 4819 14135 -2 440 33 52 19030 55
2023-05-24 21:53:38 21 13068 4819 13871 -2 415 34 39 18656 42
2023-05-24 22:03:38 21 13068 4819 13761 -3 415 34 28 18117 30
2023-05-24 22:13:38 21 13068 4819 13442 -2 415 33 10 16346 13
2023-05-24 22:23:38 21 13068 4819 12848 -2 416 34 4 13706 6
2023-05-24 22:33:38 21 13068 4819 8767 -2 416 33 3 7689 3
2023-05-24 22:43:38 21 12903 4819 2255 227 415 33 0 1562 2
2023-05-24 22:53:38 21 12903 4819 484 225 415 34 0 319 0
2023-05-24 23:03:38 21 12848 4819 110 293 415 33 0 55 0
2023-05-24 23:13:38 21 12793 4880 55 394 366 34 0 55 0
2023-05-24 23:23:38 21 12903 5185 55 391 -2 33 0 0 0
2023-05-24 23:33:38 21 12903 5185 0 391 -2 34 0 0 0
2023-05-24 23:43:38 21 12848 5185 0 391 -2 33 0 0 0
2023-05-24 23:53:38 21 12848 5185 0 393 -2 33 0 0 0
