Time ID V1 V2 V3 I1 I2 I3 I4 O1 O2
2000-06-05 00:01:12 22 14410 0 21241 0 0 26 39 21340 1075
2000-06-05 00:11:12 22 14410 0 21076 0 0 26 39 21186 1050
2000-06-05 00:21:12 22 14410 0 20966 0 0 26 37 21076 1021
2000-06-05 00:31:12 22 14410 0 21021 0 0 26 32 21131 983
2000-06-05 00:41:12 22 14410 0 21131 0 0 28 32 21186 945
2000-06-05 00:51:12 22 14410 0 21021 0 0 26 32 21131 909
2000-06-05 01:01:12 22 14410 0 21186 0 0 26 32 21285 869
2000-06-05 01:11:12 22 14410 0 21131 0 0 26 32 21241 826
2000-06-05 01:21:12 22 14355 0 20702 0 0 26 152 21186 777
2000-06-05 01:31:12 22 14300 0 20328 0 0 26 280 21241 728
2000-06-05 01:41:12 22 14300 0 20482 0 0 26 252 21285 678
2000-06-05 01:51:12 22 14300 0 20372 0 0 26 254 21285 627
2000-06-05 02:01:12 22 14300 0 20163 0 0 27 263 21285 572
2000-06-05 02:11:12 22 14300 0 20053 0 0 26 256 21241 515
2000-06-05 02:21:12 22 14300 0 19140 0 0 27 287 21241 459
2000-06-05 02:31:12 22 14300 0 18876 0 0 26 273 21241 401
2000-06-05 02:41:12 22 14245 0 17149 0 0 26 287 21076 337
2000-06-05 02:51:12 22 13816 0 16071 0 0 26 243 20966 276
2000-06-05 03:01:12 22 13387 0 15268 0 0 27 201 20757 215
2000-06-05 03:11:12 22 13222 0 15158 0 0 26 144 20482 158
2000-06-05 03:21:12 22 13123 0 14575 0 0 26 96 19943 100
2000-06-05 03:31:12 22 13068 0 13926 0 0 26 32 18436 36
2000-06-05 03:41:12 22 13123 0 13706 0 0 27 16 17094 19
2000-06-05 03:51:12 22 13123 0 13167 0 0 26 5 14575 8
2000-06-05 04:01:12 22 13068 0 11286 106 0 26 2 10758 4
2000-06-05 04:11:12 22 12903 0 4730 397 0 26 0 3707 2
2000-06-05 04:21:12 22 13013 0 429 391 0 27 0 319 0
2000-06-05 04:31:12 22 13013 0 55 391 0 26 0 0 0
2000-06-05 04:41:12 22 12903 0 0 394 0 27 1 0 1
2000-06-05 04:51:12 22 12848 0 0 396 0 26 0 0 0
2000-06-05 05:01:12 22 12848 0 0 396 0 26 0 0 0
2000-06-05 05:11:12 22 12848 0 0 396 0 26 0 0 0
2000-06-05 05:21:12 22 12848 0 0 396 0 27 0 0 0
2000-06-05 05:31:12 22 12848 0 55 396 0 26 0 0 0
2000-06-05 05:41:12 22 12848 0 55 397 0 28 0 0 0
2000-06-05 05:51:12 22 12848 0 55 398 0 27 0 0 0
2000-06-05 06:01:12 22 12793 0 55 398 0 26 0 0 0
2000-06-05 06:11:12 22 12848 0 55 397 0 26 0 0 0
2000-06-05 06:21:12 22 12903 0 55 223 0 27 0 0 0
2000-06-05 06:31:12 22 13013 0 55 164 0 27 0 0 0
2000-06-05 06:41:12 22 13068 0 55 164 0 29 0 0 0
2000-06-05 06:51:12 22 13123 0 0 163 0 26 0 0 0
2000-06-05 07:01:12 22 13123 0 0 163 0 27 0 0 0
2000-06-05 07:11:12 22 13123 0 0 163 0 26 0 0 0
2000-06-05 07:21:12 22 13123 0 0 163 0 28 0 0 0
2000-06-05 07:31:12 22 13123 0 55 163 0 26 0 0 0
2000-06-05 07:41:12 22 13123 0 55 101 0 26 0 0 0
2000-06-05 07:51:12 22 13068 0 55 0 0 27 0 0 0
2000-06-05 08:01:12 22 13068 0 55 0 0 26 0 55 0
2000-06-05 08:11:12 22 13013 0 55 0 0 26 0 55 0
2000-06-05 08:21:12 22 12958 0 110 0 0 28 0 55 0
2000-06-05 08:31:12 22 12958 0 110 0 0 26 0 55 0
2000-06-05 08:41:12 22 12958 0 110 0 0 27 0 55 0
2000-06-05 08:51:12 22 12958 0 110 0 0 27 0 55 0
2000-06-05 09:01:12 22 12958 0 110 0 0 28 0 55 0
2000-06-05 09:11:12 22 12903 0 110 0 0 28 0 55 0
2000-06-05 09:21:12 22 12903 0 110 0 0 27 0 55 0
2000-06-05 09:31:12 22 12903 0 110 0 0 26 0 55 0
2000-06-05 09:41:12 22 12903 0 55 0 0 26 0 0 0
2000-06-05 09:51:12 22 12903 0 55 0 0 26 0 55 0
2000-06-05 10:01:12 22 12903 0 55 0 0 26 0 0 0
2000-06-05 10:11:12 22 12848 0 55 0 0 26 0 0 0
2000-06-05 10:21:12 22 12848 0 55 0 0 27 0 0 0
2000-06-05 10:31:12 22 12848 0 55 0 0 27 0 0 0
2000-06-05 10:41:12 22 12848 0 55 0 0 26 0 0 0
2000-06-05 10:51:12 22 12848 0 0 0 0 27 0 0 0
2000-06-05 11:01:12 22 12848 0 0 0 0 27 0 0 0
2000-06-05 11:11:12 22 12848 0 0 0 0 27 0 0 0
2000-06-05 11:21:12 22 12848 0 0 0 0 27 0 0 0
2000-06-05 11:31:12 22 12848 0 0 0 0 27 0 0 0
2000-06-05 11:41:12 22 12848 0 0 0 0 27 0 0 0
2000-06-05 11:51:12 22 12848 0 0 0 0 27 0 0 0
2000-06-05 12:01:12 22 12848 0 0 0 0 26 0 0 0
2000-06-05 12:11:12 22 12848 0 0 0 0 27 0 0 0
2000-06-05 12:21:12 22 12903 0 0 0 0 27 0 0 0
2000-06-05 12:31:12 22 13068 0 0 0 0 27 0 0 0
2000-06-05 12:41:12 22 13068 0 0 0 0 26 0 0 0
2000-06-05 12:51:12 22 13068 0 0 0 0 27 0 0 0
2000-06-05 13:01:12 22 13068 0 0 0 0 27 0 0 0
2000-06-05 13:11:12 22 13068 0 0 0 0 26 0 0 0
2000-06-05 13:21:12 22 13068 0 0 0 0 27 0 0 0
2000-06-05 13:31:12 22 12958 0 0 155 0 26 0 0 0
2000-06-05 13:41:12 22 12958 0 0 165 0 26 0 0 0
2000-06-05 13:51:12 22 12903 0 0 165 0 26 0 0 0
2000-06-05 14:01:12 22 12903 0 0 166 1 32 0 0 -1
2000-06-05 14:11:12 22 12903 0 0 165 0 27 0 0 0
2000-06-05 14:21:12 22 13013 0 0 55 0 27 0 0 0
2000-06-05 14:31:12 22 12903 0 0 165 0 26 0 0 0
2000-06-05 14:41:12 22 12903 0 0 165 0 26 0 0 0
2000-06-05 14:51:12 22 12903 0 0 165 0 27 0 0 0
2000-06-05 15:01:12 22 13013 0 0 22 0 26 0 0 0
2000-06-05 15:11:12 22 13068 0 55 0 0 27 0 55 0
2000-06-05 15:21:12 22 13068 0 1826 0 0 26 0 1452 1
2000-06-05 15:31:12 22 13068 0 6127 0 0 29 0 5379 3
2000-06-05 15:41:12 22 13068 0 10802 0 0 26 2 10593 4
2000-06-05 15:51:12 22 13068 0 13167 0 0 26 5 14729 8
2000-06-05 16:01:12 22 13068 0 13816 22 0 26 33 19030 38
2000-06-05 16:11:12 22 13068 0 14190 0 0 26 52 19888 56
2000-06-05 16:21:12 22 13068 0 14091 0 0 27 45 19679 49
2000-06-05 16:31:12 22 13068 0 14091 0 0 26 47 19734 52
2000-06-05 16:41:12 22 13123 0 14410 0 0 26 72 20273 79
2000-06-05 16:51:12 22 13167 0 14894 0 0 26 112 20801 119
2000-06-05 17:01:12 22 13123 0 15268 0 0 30 144 21076 156
2000-06-05 17:11:12 22 13068 0 15323 0 0 27 196 21285 204
2000-06-05 17:21:12 22 13068 0 15323 0 0 28 195 21186 205
2000-06-05 17:31:12 22 13222 0 15697 0 0 26 224 21340 242
2000-06-05 17:41:12 22 13332 0 15807 0 0 26 297 21505 315
2000-06-05 17:51:12 22 13277 0 15378 0 0 26 194 21131 209
2000-06-05 18:01:12 22 13277 0 15697 0 0 26 215 21186 229
2000-06-05 18:11:12 22 13387 0 15697 0 0 26 293 21395 302
2000-06-05 18:21:12 22 13332 0 15587 0 0 29 239 21285 253
2000-06-05 18:31:12 22 13332 0 15862 0 0 28 256 21450 281
2000-06-05 18:41:12 22 13607 0 16236 0 0 28 576 21934 584
2000-06-05 18:51:12 22 13651 0 16456 0 0 27 667 22044 768
2000-06-05 19:01:12 22 13706 0 16401 0 0 27 768 21670 799
2000-06-05 19:11:12 22 13552 0 16126 0 0 29 524 21615 549
2000-06-05 19:21:12 22 13706 0 16555 0 0 27 698 22099 792
2000-06-05 19:31:12 22 13497 0 15862 0 0 28 419 21340 413
2000-06-05 19:41:12 22 13706 0 16555 0 0 27 736 21989 809
2000-06-05 19:51:12 22 13607 0 17853 0 0 26 592 21879 903
2000-06-05 20:01:12 22 13651 0 19140 0 0 26 685 21725 1123
2000-06-05 20:11:12 22 13871 0 16940 0 0 27 1029 21615 1200
2000-06-05 20:21:12 22 13871 0 16346 0 0 26 972 21560 1032
2000-06-05 20:31:12 22 13552 0 17908 0 0 26 516 21505 822
2000-06-05 20:41:12 22 13497 0 16885 0 0 26 418 21505 635
2000-06-05 20:51:12 22 13552 0 17952 0 0 26 478 21560 757
2000-06-05 21:01:12 22 13552 0 16610 0 0 26 501 21340 643
2000-06-05 21:11:12 22 13552 0 17633 0 0 26 482 21670 727
2000-06-05 21:21:12 22 13761 0 19404 0 0 26 650 21934 1225
2000-06-05 21:31:12 22 13761 0 19195 0 0 30 697 21615 1247
2000-06-05 21:41:12 22 13816 0 19624 0 1 32 717 21670 1277
2000-06-05 21:51:12 22 13761 0 18821 0 0 27 648 21395 1161
2000-06-05 22:01:12 22 13607 0 18172 0 0 27 519 21824 1017
2000-06-05 22:11:12 22 13706 0 18392 0 0 27 611 21505 1074
2000-06-05 22:21:12 22 13706 0 18282 0 0 26 608 21395 1172
2000-06-05 22:31:12 22 13552 0 17094 0 0 26 455 21131 760
2000-06-05 22:41:12 22 13706 0 19195 0 0 26 620 21879 1176
2000-06-05 22:51:12 22 13706 0 20328 0 0 26 565 21725 1284
2000-06-05 23:01:12 22 13761 0 19943 0 0 27 650 21725 1295
2000-06-05 23:11:12 22 13761 0 19514 0 0 26 628 21560 1133
2000-06-05 23:21:12 22 13926 0 18436 0 0 26 812 21505 1141
2000-06-05 23:31:12 22 13981 0 17908 0 0 26 954 21670 1233
2000-06-05 23:41:12 22 13981 0 17743 0 0 26 938 21615 1199
2000-06-05 23:51:12 22 14036 0 17688 0 0 26 1021 21769 1235
