Time ID V1 V2 V3 I1 I2 I3 I4 O1 O2
2000-03-24 00:02:04 22 14300 0 21076 0 0 28 151 21450 1043
2000-03-24 00:12:04 22 14300 0 21131 0 0 28 159 21505 1011
2000-03-24 00:22:04 22 14300 0 21021 0 0 28 146 21395 959
2000-03-24 00:32:04 22 14300 0 21131 0 0 28 154 21505 960
2000-03-24 00:42:04 22 14300 0 21241 0 0 28 154 21615 942
2000-03-24 00:52:04 22 14300 0 21186 0 0 27 150 21560 907
2000-03-24 01:02:04 22 14300 0 21241 0 0 28 151 21615 902
2000-03-24 01:12:04 22 14300 0 21241 0 0 28 155 21615 872
2000-03-24 01:22:04 22 14300 0 21186 0 0 28 158 21615 835
2000-03-24 01:32:04 22 14300 0 21241 0 0 28 156 21615 796
2000-03-24 01:42:04 22 14300 0 21186 0 0 28 156 21615 754
2000-03-24 01:52:04 22 14300 0 21131 0 0 28 157 21615 707
2000-03-24 02:02:04 22 14300 0 21021 0 0 28 154 21505 657
2000-03-24 02:12:04 22 14410 0 21340 0 0 28 50 21505 453
2000-03-24 02:22:04 22 14410 0 21340 0 0 26 32 21450 189
2000-03-24 02:32:04 22 14410 0 21131 0 0 26 32 21450 235
2000-03-24 02:42:04 22 14410 0 20647 0 0 28 33 20856 98
2000-03-24 02:52:04 22 14355 0 15213 0 0 27 35 18876 42
2000-03-24 03:02:04 22 14135 0 14839 55 0 27 29 18656 34
2000-03-24 03:12:04 22 13222 0 13926 225 0 27 24 18227 27
2000-03-24 03:22:04 22 13013 0 13651 228 0 27 16 17424 19
2000-03-24 03:32:04 22 13013 0 13277 228 0 26 7 15378 10
2000-03-24 03:42:04 22 13013 0 12199 228 0 27 3 11990 5
2000-03-24 03:52:04 22 13013 0 6556 228 0 28 1 5489 2
2000-03-24 04:02:04 22 12958 0 803 293 0 27 0 539 0
2000-03-24 04:12:04 22 12903 0 55 397 0 27 0 55 0
2000-03-24 04:22:04 22 12903 0 0 396 0 28 0 0 0
2000-03-24 04:32:04 22 12958 0 0 395 0 27 0 0 0
2000-03-24 04:42:04 22 13013 0 0 394 0 27 0 0 0
2000-03-24 04:52:04 22 13013 0 0 394 0 28 0 0 0
2000-03-24 05:02:04 22 13013 0 0 394 0 27 0 0 0
2000-03-24 05:12:04 22 13013 0 0 394 0 28 0 0 0
2000-03-24 05:22:04 22 13013 0 0 395 0 27 0 0 0
2000-03-24 05:32:04 22 13013 0 0 395 0 27 0 0 0
2000-03-24 05:42:04 22 13013 0 0 361 0 27 0 0 0
2000-03-24 05:52:04 22 13123 0 0 226 0 27 0 0 0
2000-03-24 06:02:04 22 13068 0 0 226 0 27 0 0 0
2000-03-24 06:12:04 22 13068 0 0 226 0 27 0 0 0
2000-03-24 06:22:04 22 13068 0 0 226 0 27 0 0 0
2000-03-24 06:32:04 22 13068 0 0 226 0 28 0 0 0
2000-03-24 06:42:04 22 13068 0 0 226 0 27 0 0 0
2000-03-24 06:52:04 22 13068 0 0 226 0 26 0 0 0
2000-03-24 07:02:04 22 13068 0 0 226 0 28 0 0 0
2000-03-24 07:12:04 22 13068 0 0 226 0 27 0 0 0
2000-03-24 07:22:04 22 13068 0 0 226 0 27 0 0 0
2000-03-24 07:32:04 22 13068 0 0 226 0 28 0 0 0
2000-03-24 07:42:04 22 13068 0 0 226 0 28 0 0 0
2000-03-24 07:52:04 22 13068 0 0 226 0 28 0 0 0
2000-03-24 08:02:04 22 13068 0 0 208 0 27 0 0 0
2000-03-24 08:12:04 22 13222 0 0 0 0 28 0 0 0
2000-03-24 08:22:04 22 13222 0 0 0 0 28 0 0 0
2000-03-24 08:32:04 22 13222 0 0 0 0 27 0 0 0
2000-03-24 08:42:04 22 13222 0 0 0 0 27 0 0 0
2000-03-24 08:52:04 22 13222 0 0 0 0 28 0 0 0
2000-03-24 09:02:04 22 13222 0 0 0 0 28 0 0 0
2000-03-24 09:12:04 22 13222 0 0 0 0 28 0 0 0
2000-03-24 09:22:04 22 13222 0 0 0 0 26 0 0 0
2000-03-24 09:32:04 22 13222 0 0 0 0 27 0 0 0
2000-03-24 09:42:04 22 13222 0 0 0 0 28 0 0 0
2000-03-24 09:52:04 22 13222 0 0 0 0 28 0 0 0
2000-03-24 10:02:04 22 13222 0 0 0 0 28 0 0 0
2000-03-24 10:12:04 22 13222 0 0 0 0 28 0 0 0
2000-03-24 10:22:04 22 13222 0 0 0 0 28 0 0 0
2000-03-24 10:32:04 22 13222 0 0 0 0 26 0 0 0
2000-03-24 10:42:04 22 13222 0 0 0 0 28 0 0 0
2000-03-24 10:52:04 22 13222 0 0 0 0 27 0 0 0
2000-03-24 11:02:04 22 13222 0 0 0 0 28 0 0 0
2000-03-24 11:12:04 22 13222 0 0 0 0 28 0 0 0
2000-03-24 11:22:04 22 13222 0 0 0 0 29 0 0 0
2000-03-24 11:32:04 22 13222 0 0 0 0 28 0 0 0
2000-03-24 11:42:04 22 13222 0 0 0 0 28 0 0 0
2000-03-24 11:52:04 22 13222 0 0 0 0 28 0 0 0
2000-03-24 12:02:04 22 13222 0 0 0 0 27 0 0 0
2000-03-24 12:12:04 22 13222 0 0 0 0 28 0 0 0
2000-03-24 12:22:04 22 13222 0 0 0 0 28 0 0 0
2000-03-24 12:32:04 22 13222 0 0 0 0 28 0 0 0
2000-03-24 12:42:04 22 13222 0 0 0 0 26 0 0 0
2000-03-24 12:52:04 22 13222 0 0 0 0 28 0 0 0
2000-03-24 13:02:04 22 13222 0 0 0 0 28 0 0 0
2000-03-24 13:12:04 22 13222 0 0 0 0 28 0 0 0
2000-03-24 13:22:04 22 13222 0 0 0 0 27 0 0 0
2000-03-24 13:32:04 22 13222 0 0 0 0 27 0 0 0
2000-03-24 13:42:04 22 13222 0 0 0 0 28 0 0 0
2000-03-24 13:52:04 22 13222 0 0 0 0 28 0 0 0
2000-03-24 14:02:04 22 13222 0 0 0 0 28 0 0 0
2000-03-24 14:12:04 22 13222 0 0 0 0 27 0 0 0
2000-03-24 14:22:04 22 13222 0 0 0 0 27 0 0 0
2000-03-24 14:32:04 22 13222 0 0 0 0 28 0 0 0
2000-03-24 14:42:04 22 13222 0 0 0 0 28 0 0 0
2000-03-24 14:52:04 22 13222 0 0 0 0 28 0 0 0
2000-03-24 15:02:04 22 13222 0 0 0 0 27 0 0 0
2000-03-24 15:12:04 22 13222 0 0 0 0 28 0 0 0
2000-03-24 15:22:04 22 13222 0 0 0 0 28 0 0 0
2000-03-24 15:32:04 22 13222 0 0 0 0 28 0 0 0
2000-03-24 15:42:04 22 13222 0 0 0 0 27 0 0 0
2000-03-24 15:52:04 22 13222 0 0 0 0 28 0 0 0
2000-03-24 16:02:04 22 13222 0 594 0 0 28 0 429 0
2000-03-24 16:12:04 22 13222 0 4730 0 0 28 1 4191 2
2000-03-24 16:22:04 22 13222 0 11671 0 0 27 3 11561 4
2000-03-24 16:32:04 22 13167 0 13387 0 0 28 6 15752 9
2000-03-24 16:42:04 22 13167 0 13816 0 0 27 16 18117 19
2000-03-24 16:52:04 22 13222 0 13926 0 0 27 28 19250 32
2000-03-24 17:02:04 22 13222 0 14091 0 0 27 36 19679 39
2000-03-24 17:12:04 22 13222 0 13981 0 0 28 34 19514 37
2000-03-24 17:22:04 22 13222 0 14036 0 0 28 27 19195 30
2000-03-24 17:32:04 22 13222 0 13926 0 0 28 27 19195 30
2000-03-24 17:42:04 22 13222 0 14300 0 0 28 48 20108 56
2000-03-24 17:52:04 22 13277 0 15807 0 0 26 113 21285 123
2000-03-24 18:02:04 22 13332 0 15697 0 0 27 154 21505 164
2000-03-24 18:12:04 22 13387 0 15862 0 0 28 191 21670 204
2000-03-24 18:22:04 22 13442 0 16126 0 0 27 227 21769 244
2000-03-24 18:32:04 22 13497 0 16071 0 0 27 274 21879 291
2000-03-24 18:42:04 22 13552 0 16181 0 0 28 320 21824 339
2000-03-24 18:52:04 22 13607 0 16401 0 0 28 361 21879 387
2000-03-24 19:02:04 22 13651 0 16236 0 0 28 412 21879 439
2000-03-24 19:12:04 22 13706 0 16456 0 0 27 450 21879 488
2000-03-24 19:22:04 22 13607 0 18007 0 0 26 354 21879 535
2000-03-24 19:32:04 22 13706 0 16720 0 0 28 513 21879 581
2000-03-24 19:42:04 22 13761 0 16830 0 0 27 555 21934 624
2000-03-24 19:52:04 22 13761 0 16401 0 0 26 625 22044 666
2000-03-24 20:02:04 22 13761 0 16236 0 0 28 677 21989 708
2000-03-24 20:12:04 22 13761 0 16236 0 0 26 706 21934 746
2000-03-24 20:22:04 22 13871 0 16500 0 0 27 726 21989 783
2000-03-24 20:32:04 22 13871 0 16500 0 0 27 765 21879 821
2000-03-24 20:42:04 22 13871 0 16555 0 0 27 787 21769 854
2000-03-24 20:52:04 22 13871 0 16401 0 0 27 817 21725 886
2000-03-24 21:02:04 22 13871 0 16555 0 0 28 837 21725 918
2000-03-24 21:12:04 22 13926 0 16456 0 0 28 876 21725 947
2000-03-24 21:22:04 22 13981 0 16456 0 0 28 899 21725 974
2000-03-24 21:32:04 22 14036 0 16401 0 0 28 915 21615 998
2000-03-24 21:42:04 22 14091 0 16456 0 0 27 927 21560 1020
2000-03-24 21:52:04 22 14091 0 17798 0 0 28 836 21670 1040
2000-03-24 22:02:04 22 14135 0 20537 0 0 26 364 21560 1056
2000-03-24 22:12:04 22 14190 0 21021 0 0 27 217 21505 1069
2000-03-24 22:22:04 22 14300 0 21021 0 0 27 178 21450 1081
2000-03-24 22:32:04 22 14300 0 21021 0 0 27 168 21395 1090
2000-03-24 22:42:04 22 14300 0 21076 0 0 27 180 21450 1102
2000-03-24 22:52:04 22 14300 0 21021 0 0 28 191 21450 1105
2000-03-24 23:02:04 22 14300 0 21021 0 0 27 186 21450 1108
2000-03-24 23:12:04 22 14300 0 21131 0 0 28 186 21505 1108
2000-03-24 23:22:04 22 14300 0 21076 0 0 28 188 21505 1105
2000-03-24 23:32:04 22 14300 0 21285 0 0 28 133 21560 1097
2000-03-24 23:42:04 22 14410 0 21340 0 0 27 34 21450 1089
2000-03-24 23:52:04 22 14410 0 21395 0 0 28 33 21505 1078
