Time ID V1 V2 V3 I1 I2 I3 I4 O1 O2
2000-06-08 00:01:12 22 14410 0 21131 0 0 26 32 21186 1072
2000-06-08 00:11:12 22 14410 0 21131 0 0 26 31 21186 1056
2000-06-08 00:21:12 22 14410 0 21076 0 0 26 31 21186 1031
2000-06-08 00:31:12 22 14410 0 21076 0 0 26 31 21131 988
2000-06-08 00:41:12 22 14410 0 21340 0 0 27 31 21450 960
2000-06-08 00:51:12 22 14410 0 21186 0 0 26 31 21241 749
2000-06-08 01:01:12 22 14410 0 20427 0 0 26 32 20647 261
2000-06-08 01:11:12 22 14410 0 20856 0 0 28 32 21076 315
2000-06-08 01:21:12 22 14410 0 20911 0 0 30 33 21076 322
2000-06-08 01:31:12 22 14410 0 20647 0 0 27 33 20856 252
2000-06-08 01:41:12 22 14410 0 20537 0 0 27 33 20757 214
2000-06-08 01:51:12 22 14410 0 21021 0 0 30 33 21285 344
2000-06-08 02:01:12 22 14410 0 21450 0 0 26 31 21560 593
2000-06-08 02:11:12 22 14410 0 21340 0 0 28 38 21450 558
2000-06-08 02:21:12 22 14410 0 21241 1 1 31 51 21395 484
2000-06-08 02:31:12 22 14410 0 20911 0 0 26 31 21076 350
2000-06-08 02:41:12 22 14410 0 20537 0 0 26 31 20757 220
2000-06-08 02:51:12 22 14410 0 20702 0 0 27 31 20911 247
2000-06-08 03:01:12 22 14410 0 18601 0 0 27 33 19514 72
2000-06-08 03:11:12 22 14410 0 18172 0 0 27 33 19624 74
2000-06-08 03:21:12 22 14410 0 19943 0 0 26 32 20328 121
2000-06-08 03:31:12 22 14410 0 16830 0 0 27 34 19030 49
2000-06-08 03:41:12 22 14245 0 14949 0 0 26 20 17853 26
2000-06-08 03:51:12 22 13926 0 14729 0 0 26 4 15323 11
2000-06-08 04:01:12 22 13706 0 11132 0 0 26 3 10538 4
2000-06-08 04:11:12 22 13607 0 4136 0 0 27 0 3113 2
2000-06-08 04:21:12 22 13497 0 374 0 0 26 0 264 0
2000-06-08 04:31:12 22 13332 0 0 65 0 26 0 0 0
2000-06-08 04:41:12 22 13123 0 0 163 0 26 0 0 0
2000-06-08 04:51:12 22 13123 0 0 163 0 27 0 0 0
2000-06-08 05:01:12 22 13123 0 0 163 0 27 0 0 0
2000-06-08 05:11:12 22 13123 0 0 163 0 27 0 0 0
2000-06-08 05:21:12 22 13123 0 0 163 0 27 0 0 0
2000-06-08 05:31:12 22 13123 0 0 163 0 26 0 0 0
2000-06-08 05:41:12 22 13123 0 0 163 0 26 0 0 0
2000-06-08 05:51:12 22 13123 0 0 163 0 26 0 0 0
2000-06-08 06:01:12 22 13123 0 0 163 0 29 0 0 0
2000-06-08 06:11:12 22 13123 0 0 163 0 26 0 0 0
2000-06-08 06:21:12 22 13123 0 0 164 0 33 0 0 -2
2000-06-08 06:31:12 22 13123 0 0 163 0 26 0 0 0
2000-06-08 06:41:12 22 13123 0 0 163 0 30 0 0 0
2000-06-08 06:51:12 22 13123 0 0 164 1 33 0 0 -1
2000-06-08 07:01:12 22 13123 0 0 163 0 28 0 0 0
2000-06-08 07:11:12 22 13123 0 0 163 0 27 0 0 0
2000-06-08 07:21:12 22 13123 0 0 163 0 30 0 0 0
2000-06-08 07:31:12 22 13123 0 0 163 0 27 0 0 0
2000-06-08 07:41:12 22 13123 0 0 163 0 28 0 0 0
2000-06-08 07:51:12 22 13123 0 0 163 0 27 0 0 0
2000-06-08 08:01:12 22 13123 0 0 163 0 26 0 0 0
2000-06-08 08:11:12 22 13123 0 0 163 0 26 0 0 0
2000-06-08 08:21:12 22 13123 0 0 163 0 26 0 0 0
2000-06-08 08:31:12 22 13123 0 0 163 0 26 0 0 0
2000-06-08 08:41:12 22 13123 0 0 163 0 26 0 0 0
2000-06-08 08:51:12 22 13123 0 0 163 0 26 0 0 0
2000-06-08 09:01:12 22 13123 0 0 163 0 27 0 0 0
2000-06-08 09:11:12 22 13123 0 0 164 1 32 -1 0 0
2000-06-08 09:21:12 22 13123 0 0 163 0 27 0 0 0
2000-06-08 09:31:12 22 13123 0 0 163 0 27 0 0 0
2000-06-08 09:41:12 22 13123 0 0 163 0 26 0 0 0
2000-06-08 09:51:12 22 13123 0 0 163 0 27 0 0 0
2000-06-08 10:01:12 22 13123 0 0 163 0 26 0 0 0
2000-06-08 10:11:12 22 13123 0 0 163 0 26 0 0 0
2000-06-08 10:21:12 22 13123 0 0 164 1 29 0 0 0
2000-06-08 10:31:12 22 13123 0 0 163 0 27 0 0 0
2000-06-08 10:41:12 22 13123 0 0 163 0 29 0 0 0
2000-06-08 10:51:12 22 13123 0 0 163 0 26 0 0 0
2000-06-08 11:01:12 22 13123 0 0 163 0 26 0 0 0
2000-06-08 11:11:12 22 13123 0 0 163 0 27 0 0 0
2000-06-08 11:21:12 22 13123 0 0 163 0 27 0 0 0
2000-06-08 11:31:12 22 13123 0 0 163 0 27 0 0 0
2000-06-08 11:41:12 22 13123 0 0 163 0 26 0 0 0
2000-06-08 11:51:12 22 13123 0 0 163 0 27 0 0 0
2000-06-08 12:01:12 22 13123 0 0 163 0 26 0 0 0
2000-06-08 12:11:12 22 13123 0 0 163 0 26 0 0 0
2000-06-08 12:21:12 22 13123 0 0 163 0 26 0 0 0
2000-06-08 12:31:12 22 13123 0 0 163 0 26 0 0 0
2000-06-08 12:41:12 22 13123 0 0 163 0 26 0 0 0
2000-06-08 12:51:12 22 13123 0 0 163 0 26 0 0 0
2000-06-08 13:01:12 22 13123 0 0 163 0 26 0 0 0
2000-06-08 13:11:12 22 13068 0 0 164 0 26 0 0 0
2000-06-08 13:21:12 22 13068 0 0 164 0 27 0 0 0
2000-06-08 13:31:12 22 13068 0 0 164 0 27 0 0 0
2000-06-08 13:41:12 22 13068 0 0 164 0 27 0 0 0
2000-06-08 13:51:12 22 13068 0 0 164 0 26 0 0 0
2000-06-08 14:01:12 22 13068 0 0 164 0 26 0 0 0
2000-06-08 14:11:12 22 13068 0 0 164 0 26 0 0 0
2000-06-08 14:21:12 22 13068 0 0 164 0 26 0 0 0
2000-06-08 14:31:12 22 13068 0 0 164 0 26 0 0 0
2000-06-08 14:41:12 22 13068 0 0 164 0 26 0 0 0
2000-06-08 14:51:12 22 13068 0 0 164 1 29 0 0 0
2000-06-08 15:01:12 22 13068 0 0 164 0 26 0 0 0
2000-06-08 15:11:12 22 13068 0 649 164 0 26 0 484 0
2000-06-08 15:21:12 22 13068 0 5753 164 0 27 1 5269 2
2000-06-08 15:31:12 22 13068 0 12199 164 0 27 3 12419 5
2000-06-08 15:41:12 22 13123 0 13552 52 0 26 8 16236 11
2000-06-08 15:51:12 22 13167 0 13816 0 0 27 18 18117 21
2000-06-08 16:01:12 22 13222 0 13926 0 0 27 28 18920 32
2000-06-08 16:11:12 22 13222 0 14091 0 0 26 36 19305 41
2000-06-08 16:21:12 22 13222 0 14091 0 0 28 49 19734 54
2000-06-08 16:31:12 22 13277 0 14575 0 0 26 70 20163 77
2000-06-08 16:41:12 22 13277 0 14949 1 0 32 98 20537 105
2000-06-08 16:51:12 22 13332 0 15268 0 0 27 131 20856 141
2000-06-08 17:01:12 22 13387 0 15433 0 0 26 169 21076 182
2000-06-08 17:11:12 22 13442 0 15642 0 0 26 210 21241 227
2000-06-08 17:21:12 22 13497 0 15752 0 0 28 257 21340 277
2000-06-08 17:31:12 22 13552 0 15862 0 0 27 308 21505 328
2000-06-08 17:41:12 22 13607 0 16181 1 0 32 354 21615 380
2000-06-08 17:51:12 22 13607 0 16181 0 0 30 403 21670 433
2000-06-08 18:01:12 22 13651 0 16126 0 0 29 455 21670 486
2000-06-08 18:11:12 22 13706 0 16236 1 0 30 499 21670 537
2000-06-08 18:21:12 22 13706 0 16181 0 0 28 550 21725 587
2000-06-08 18:31:12 22 13651 0 15972 0 0 28 606 21670 637
2000-06-08 18:41:12 22 13761 0 16181 0 0 27 639 21670 684
2000-06-08 18:51:12 22 13816 0 16401 0 0 26 681 21725 730
2000-06-08 19:01:12 22 13816 0 16346 0 0 27 721 21615 775
2000-06-08 19:11:12 22 13816 0 16456 0 0 26 741 21560 820
2000-06-08 19:21:12 22 13871 0 16401 0 0 26 788 21560 862
2000-06-08 19:31:12 22 13871 0 16181 0 0 26 863 21670 902
2000-06-08 19:41:12 22 13871 0 16236 0 0 26 873 21615 942
2000-06-08 19:51:12 22 13871 0 16181 0 0 27 926 21450 980
2000-06-08 20:01:12 22 13871 0 16027 0 0 29 948 21241 1015
2000-06-08 20:11:12 22 13871 0 16071 0 0 29 968 21285 1047
2000-06-08 20:21:12 22 13926 0 15972 0 0 28 1002 21186 1076
2000-06-08 20:31:12 22 13981 0 16236 0 1 30 978 21241 1102
2000-06-08 20:41:12 22 14036 0 15862 0 0 29 1057 21076 1127
2000-06-08 20:51:12 22 14135 0 16346 0 1 30 1036 21021 1149
2000-06-08 21:01:12 22 14245 0 19569 0 0 27 532 20966 1168
2000-06-08 21:11:12 22 14300 0 20108 0 0 27 252 20702 1186
2000-06-08 21:21:12 22 14300 0 20218 0 0 28 226 20757 1194
2000-06-08 21:31:12 22 14300 0 20537 0 0 28 201 21021 1201
2000-06-08 21:41:12 22 14300 0 20482 1 1 30 202 20911 1206
2000-06-08 21:51:12 22 14300 0 20427 0 0 29 204 20911 1209
2000-06-08 22:01:12 22 14355 0 20427 0 0 27 155 20801 1215
2000-06-08 22:11:12 22 14410 0 20757 0 0 26 33 20856 1221
2000-06-08 22:21:12 22 14410 0 20911 0 0 31 34 21021 1217
2000-06-08 22:31:12 22 14410 0 20911 0 0 27 33 20966 1223
2000-06-08 22:41:12 22 14410 0 20911 0 0 27 33 21021 1205
2000-06-08 22:51:12 22 14410 0 21076 0 0 27 32 21186 1202
2000-06-08 23:01:12 22 14410 0 20966 0 0 27 32 21076 1191
2000-06-08 23:11:12 22 14410 0 21186 0 0 27 31 21285 1168
2000-06-08 23:21:12 22 14410 0 21021 0 0 28 33 21131 1161
2000-06-08 23:31:12 22 14410 0 21186 0 0 26 30 21285 1135
2000-06-08 23:41:12 22 14410 0 21076 0 0 27 33 21186 1113
2000-06-08 23:51:12 22 14410 0 21186 0 0 26 31 21241 1093
