Time ID V1 V2 V3 I1 I2 I3 I4 O1 O2
2000-09-25 00:08:47 22 14300 0 20592 0 0 28 100 20801 1290
2000-09-25 00:18:47 22 14355 0 20537 0 0 27 97 20801 1290
2000-09-25 00:28:47 22 14355 0 20801 0 0 27 90 21021 1218
2000-09-25 00:38:47 22 14355 0 20757 0 0 27 82 20911 1212
2000-09-25 00:48:47 22 14355 0 20592 0 0 27 78 20757 1216
2000-09-25 00:58:47 22 14355 0 20757 0 0 27 69 20911 1225
2000-09-25 01:08:47 22 14355 0 20757 0 0 27 66 20911 1176
2000-09-25 01:18:47 22 14355 0 20053 0 0 26 64 20427 588
2000-09-25 01:28:47 22 14355 0 20537 0 0 29 59 20702 624
2000-09-25 01:38:47 22 14355 0 19844 0 0 27 60 20427 219
2000-09-25 01:48:47 22 14410 0 21186 0 0 29 58 21505 719
2000-09-25 01:58:47 22 14410 0 20757 0 0 28 54 21076 256
2000-09-25 02:08:47 22 14410 0 19789 0 0 29 52 21076 84
2000-09-25 02:18:47 22 14410 0 18821 0 0 26 54 20801 72
2000-09-25 02:28:47 22 14410 0 18117 0 0 28 52 20537 68
2000-09-25 02:38:47 22 14410 0 18656 0 0 27 49 20273 62
2000-09-25 02:48:47 22 14410 0 17369 0 0 27 49 20108 70
2000-09-25 02:58:47 22 14410 0 16830 0 0 27 49 19624 58
2000-09-25 03:08:47 22 14300 0 15213 0 0 28 41 18876 45
2000-09-25 03:18:47 22 14135 0 14949 0 0 29 36 18656 39
2000-09-25 03:28:47 22 13761 0 14619 0 0 27 33 18546 35
2000-09-25 03:38:47 22 13167 0 14036 0 0 29 32 18436 34
2000-09-25 03:48:47 22 13123 0 13926 0 0 29 29 18282 31
2000-09-25 03:58:47 22 13123 0 13926 0 0 28 25 18117 27
2000-09-25 04:08:47 22 13167 0 13871 0 0 28 20 17743 22
2000-09-25 04:18:47 22 13167 0 13761 0 0 27 14 17039 16
2000-09-25 04:28:47 22 13167 0 13497 0 0 28 7 15433 10
2000-09-25 04:38:47 22 13167 0 11451 0 0 27 3 11022 4
2000-09-25 04:48:47 22 13222 0 5489 0 0 27 0 4411 2
2000-09-25 04:58:47 22 13277 0 913 0 0 27 0 649 0
2000-09-25 05:08:47 22 13277 0 55 0 0 27 0 55 0
2000-09-25 05:18:47 22 13167 0 0 154 0 28 0 0 0
2000-09-25 05:28:47 22 12958 0 0 395 0 27 0 0 0
2000-09-25 05:38:47 22 13013 0 0 325 0 28 0 0 0
2000-09-25 05:48:47 22 13068 0 0 226 0 28 0 0 0
2000-09-25 05:58:47 22 12958 0 0 394 0 29 0 0 0
2000-09-25 06:08:47 22 13068 0 0 257 0 27 0 0 0
2000-09-25 06:18:47 22 13068 0 0 226 0 28 0 0 0
2000-09-25 06:28:47 22 13068 0 0 226 0 27 0 0 0
2000-09-25 06:38:47 22 13068 0 0 226 0 27 0 0 0
2000-09-25 06:48:47 22 13068 0 0 226 0 27 0 0 0
2000-09-25 06:58:47 22 13167 0 0 105 0 27 0 0 0
2000-09-25 07:08:47 22 13277 0 0 0 0 28 0 0 0
2000-09-25 07:18:47 22 13277 0 0 0 0 27 0 0 0
2000-09-25 07:28:47 22 13222 0 0 87 0 26 0 0 0
2000-09-25 07:38:47 22 13123 0 0 226 0 26 0 0 0
2000-09-25 07:48:47 22 13068 0 0 225 0 27 0 0 0
2000-09-25 07:58:47 22 13222 0 0 60 0 28 0 0 0
2000-09-25 08:08:47 22 13277 0 0 0 0 29 0 0 0
2000-09-25 08:18:47 22 13277 0 0 0 0 27 0 0 0
2000-09-25 08:28:47 22 13277 0 0 0 0 28 0 0 0
2000-09-25 08:38:47 22 13277 0 0 0 0 28 0 0 0
2000-09-25 08:48:47 22 13277 0 0 0 0 28 0 0 0
2000-09-25 08:58:47 22 13277 0 0 0 0 27 0 0 0
2000-09-25 09:08:47 22 13277 0 0 0 0 27 0 0 0
2000-09-25 09:18:47 22 13277 0 0 0 0 27 0 0 0
2000-09-25 09:28:47 22 13277 0 0 0 0 26 0 0 0
2000-09-25 09:38:47 22 13277 0 0 0 0 27 0 0 0
2000-09-25 09:48:47 22 13277 0 0 0 0 27 0 0 0
2000-09-25 09:58:47 22 13277 0 0 0 0 28 0 0 0
2000-09-25 10:08:47 22 13277 0 0 0 0 28 0 0 0
2000-09-25 10:18:47 22 13277 0 0 0 0 29 0 0 0
2000-09-25 10:28:47 22 13277 0 0 0 0 28 0 0 0
2000-09-25 10:38:47 22 13277 0 0 0 0 28 0 0 0
2000-09-25 10:48:47 22 13277 0 0 0 0 28 0 0 0
2000-09-25 10:58:47 22 13277 0 0 0 0 28 0 0 0
2000-09-25 11:08:47 22 13277 0 0 0 0 28 0 0 0
2000-09-25 11:18:47 22 13277 0 0 0 0 28 0 0 0
2000-09-25 11:28:47 22 13277 0 0 0 0 27 0 0 0
2000-09-25 11:38:47 22 13277 0 0 0 0 27 0 0 0
2000-09-25 11:48:47 22 13277 0 0 0 0 27 0 0 0
2000-09-25 11:58:47 22 13277 0 0 0 0 28 0 0 0
2000-09-25 12:08:47 22 13277 0 0 0 0 28 0 0 0
2000-09-25 12:18:47 22 13277 0 0 0 0 28 0 0 0
2000-09-25 12:28:47 22 13277 0 0 0 0 28 0 0 0
2000-09-25 12:38:47 22 13277 0 0 0 0 28 0 0 0
2000-09-25 12:48:47 22 13277 0 0 0 0 28 0 0 0
2000-09-25 12:58:47 22 13277 0 0 0 0 28 0 0 0
2000-09-25 13:08:47 22 13277 0 0 0 0 28 0 0 0
2000-09-25 13:18:47 22 13277 0 0 0 0 28 0 0 0
2000-09-25 13:28:47 22 13277 0 0 0 0 28 0 0 0
2000-09-25 13:38:47 22 13277 0 0 0 0 28 0 0 0
2000-09-25 13:48:47 22 13277 0 0 0 0 27 0 0 0
2000-09-25 13:58:47 22 13277 0 0 0 0 27 0 0 0
2000-09-25 14:08:47 22 13277 0 0 0 0 30 0 0 0
2000-09-25 14:18:47 22 13277 0 0 0 0 28 0 0 0
2000-09-25 14:28:47 22 13277 0 0 0 0 28 0 0 0
2000-09-25 14:38:47 22 13277 0 0 0 0 29 0 0 0
2000-09-25 14:48:47 22 13277 0 0 0 0 27 0 0 0
2000-09-25 14:58:47 22 13277 0 55 0 0 29 0 55 0
2000-09-25 15:08:47 22 13277 0 803 0 0 28 0 649 0
2000-09-25 15:18:47 22 13277 0 4411 0 0 28 0 3982 2
2000-09-25 15:28:47 22 13277 0 11396 0 0 28 2 11242 4
2000-09-25 15:38:47 22 13222 0 13497 0 0 28 5 14839 8
2000-09-25 15:48:47 22 13222 0 13816 0 0 27 14 17314 18
2000-09-25 15:58:47 22 13222 0 13926 0 0 28 24 18282 28
2000-09-25 16:08:47 22 13222 0 13981 0 0 27 29 18601 32
2000-09-25 16:18:47 22 13277 0 14135 0 0 28 39 19085 44
2000-09-25 16:28:47 22 13277 0 14520 0 0 29 70 19888 76
2000-09-25 16:38:47 22 13277 0 14894 0 0 26 92 20273 100
2000-09-25 16:48:47 22 13332 0 15103 0 0 27 134 20647 147
2000-09-25 16:58:47 22 13387 0 15323 0 0 28 163 20801 175
2000-09-25 17:08:47 22 13332 0 15004 0 0 29 120 20427 125
2000-09-25 17:18:47 22 13277 0 14300 0 0 28 49 19140 50
2000-09-25 17:28:47 22 13277 0 14465 0 0 28 70 19679 83
2000-09-25 17:38:47 22 13332 0 14949 0 0 29 99 20273 105
2000-09-25 17:48:47 22 13332 0 15103 0 0 28 114 20537 121
2000-09-25 17:58:47 22 13332 0 14839 0 0 27 96 20328 106
2000-09-25 18:08:47 22 13442 0 15642 0 0 26 242 21241 267
2000-09-25 18:18:47 22 13552 0 15862 0 0 28 287 21241 309
2000-09-25 18:28:47 22 13552 0 15752 0 0 27 324 21241 346
2000-09-25 18:38:47 22 13497 0 15587 0 0 29 243 21021 266
2000-09-25 18:48:47 22 13607 0 16236 0 0 27 348 21725 370
2000-09-25 18:58:47 22 13607 0 16071 0 0 28 329 21670 345
2000-09-25 19:08:47 22 13651 0 16181 0 0 27 421 21560 457
2000-09-25 19:18:47 22 13706 0 16071 0 0 28 467 21395 505
2000-09-25 19:28:47 22 13871 0 16291 0 0 28 728 21505 792
2000-09-25 19:38:47 22 13706 0 15917 0 0 27 528 21076 580
2000-09-25 19:48:47 22 13607 0 15697 0 0 29 322 20856 352
2000-09-25 19:58:47 22 13607 0 15697 0 0 28 287 20966 315
2000-09-25 20:08:47 22 13552 0 15807 0 0 28 245 20966 276
2000-09-25 20:18:47 22 13607 0 15862 0 0 27 292 21076 323
2000-09-25 20:28:47 22 13552 0 16236 0 0 27 223 20966 269
2000-09-25 20:38:47 22 13497 0 15378 0 0 28 180 20757 194
2000-09-25 20:48:47 22 13497 0 15378 0 0 28 145 20482 162
2000-09-25 20:58:47 22 13442 0 16346 0 0 29 122 20647 176
2000-09-25 21:08:47 22 13552 0 15862 0 0 28 245 21131 268
2000-09-25 21:18:47 22 13552 0 15642 0 0 28 208 20966 228
2000-09-25 21:28:47 22 13607 0 16027 0 0 28 267 21241 299
2000-09-25 21:38:47 22 13552 0 16126 0 0 28 211 21131 239
2000-09-25 21:48:47 22 13552 0 15543 0 0 28 166 21076 178
2000-09-25 21:58:47 22 13497 0 15488 0 0 27 150 20966 162
2000-09-25 22:08:47 22 13552 0 16126 0 0 27 182 21241 207
2000-09-25 22:18:47 22 13607 0 16027 0 0 26 210 21340 232
2000-09-25 22:28:47 22 13651 0 16500 0 0 28 287 21670 322
2000-09-25 22:38:47 22 13706 0 16126 0 0 28 285 21505 299
2000-09-25 22:48:47 22 13552 0 15543 0 0 27 135 20757 144
2000-09-25 22:58:47 22 13552 0 15642 0 0 28 118 20702 131
2000-09-25 23:08:47 22 13552 0 15433 0 0 28 123 20757 134
2000-09-25 23:18:47 22 13651 0 15697 0 0 28 173 21131 190
2000-09-25 23:28:47 22 14135 0 17908 0 0 27 184 21450 272
2000-09-25 23:38:47 22 14410 0 21186 0 0 27 53 21450 339
2000-09-25 23:48:47 22 14355 0 21285 0 0 27 109 21670 588
2000-09-25 23:58:47 22 14300 0 20702 0 0 29 151 21285 481
