Time ID V1 V2 V3 I1 I2 I3 I4 O1 O2
2000-04-06 00:02:04 22 14300 0 20911 0 0 28 154 21241 1035
2000-04-06 00:12:04 22 14300 0 20856 0 0 26 163 21285 1023
2000-04-06 00:22:04 22 14300 0 20966 0 0 28 158 21340 1008
2000-04-06 00:32:04 22 14300 0 20911 0 0 27 163 21285 990
2000-04-06 00:42:04 22 14300 0 20966 0 0 28 146 21285 972
2000-04-06 00:52:04 22 14300 0 20966 0 0 27 137 21285 950
2000-04-06 01:02:04 22 14300 0 21021 0 0 28 132 21340 921
2000-04-06 01:12:04 22 14300 0 20966 0 0 27 127 21285 894
2000-04-06 01:22:04 22 14355 0 21076 0 0 28 122 21340 860
2000-04-06 01:32:04 22 14355 0 21076 0 0 27 117 21395 826
2000-04-06 01:42:04 22 14355 0 21076 0 0 28 110 21395 787
2000-04-06 01:52:04 22 14355 0 21076 0 0 26 108 21340 744
2000-04-06 02:02:04 22 14355 0 21021 0 0 28 105 21340 529
2000-04-06 02:12:04 22 14410 0 21131 0 0 28 49 21340 187
2000-04-06 02:22:04 22 14355 0 15807 0 0 26 45 21021 62
2000-04-06 02:32:04 22 14135 0 15103 0 0 27 36 19459 43
2000-04-06 02:42:04 22 13552 0 14355 0 0 27 32 18821 39
2000-04-06 02:52:04 22 13552 0 14575 0 0 28 30 18876 38
2000-04-06 03:02:04 22 13497 0 14245 0 0 27 21 17908 25
2000-04-06 03:12:04 22 13442 0 14091 0 0 26 18 17578 22
2000-04-06 03:22:04 22 13387 0 14036 0 0 26 13 17149 17
2000-04-06 03:32:04 22 13332 0 13981 0 0 26 8 16126 12
2000-04-06 03:42:04 22 13332 0 13332 0 0 27 4 13607 6
2000-04-06 03:52:04 22 13277 0 9625 0 0 26 2 8767 3
2000-04-06 04:02:04 22 13277 0 2046 0 0 27 0 1342 0
2000-04-06 04:12:04 22 13167 0 220 131 0 28 0 110 0
2000-04-06 04:22:04 22 13123 0 0 164 0 27 0 0 0
2000-04-06 04:32:04 22 13123 0 0 164 0 27 0 0 0
2000-04-06 04:42:04 22 13123 0 0 184 0 28 0 0 0
2000-04-06 04:52:04 22 13123 0 0 227 0 27 0 0 0
2000-04-06 05:02:04 22 13123 0 0 226 0 26 0 0 0
2000-04-06 05:12:04 22 13123 0 0 225 0 26 0 0 0
2000-04-06 05:22:04 22 13123 0 0 225 0 27 0 0 0
2000-04-06 05:32:04 22 13123 0 0 225 0 27 0 0 0
2000-04-06 05:42:04 22 13123 0 0 225 0 28 0 0 0
2000-04-06 05:52:04 22 13123 0 0 225 0 26 0 0 0
2000-04-06 06:02:04 22 13123 0 0 225 0 28 0 0 0
2000-04-06 06:12:04 22 13167 0 0 139 0 27 0 0 0
2000-04-06 06:22:04 22 13277 0 0 0 0 26 0 0 0
2000-04-06 06:32:04 22 13277 0 0 0 0 26 0 0 0
2000-04-06 06:42:04 22 13277 0 0 0 0 28 0 0 0
2000-04-06 06:52:04 22 13277 0 0 0 0 27 0 0 0
2000-04-06 07:02:04 22 13277 0 0 0 0 26 0 0 0
2000-04-06 07:12:04 22 13277 0 0 0 0 27 0 0 0
2000-04-06 07:22:04 22 13277 0 0 0 0 28 0 0 0
2000-04-06 07:32:04 22 13277 0 0 0 0 27 0 0 0
2000-04-06 07:42:04 22 13277 0 0 0 0 26 0 0 0
2000-04-06 07:52:04 22 13277 0 0 0 0 26 0 0 0
2000-04-06 08:02:04 22 13277 0 0 0 0 28 0 0 0
2000-04-06 08:12:04 22 13277 0 0 0 0 29 0 0 0
2000-04-06 08:22:04 22 13277 0 0 0 0 26 0 0 0
2000-04-06 08:32:04 22 13277 0 0 0 0 27 0 0 0
2000-04-06 08:42:04 22 13277 0 0 0 0 27 0 0 0
2000-04-06 08:52:04 22 13277 0 0 0 0 27 0 0 0
2000-04-06 09:02:04 22 13277 0 0 0 0 26 0 0 0
2000-04-06 09:12:04 22 13277 0 0 0 0 28 0 0 0
2000-04-06 09:22:04 22 13277 0 0 0 0 28 0 0 0
2000-04-06 09:32:04 22 13277 0 0 0 0 26 0 0 0
2000-04-06 09:42:04 22 13277 0 0 0 0 27 0 0 0
2000-04-06 09:52:04 22 13277 0 0 0 0 28 0 0 0
2000-04-06 10:02:04 22 13277 0 0 0 0 28 0 0 0
2000-04-06 10:12:04 22 13277 0 0 0 0 28 0 0 0
2000-04-06 10:22:04 22 13277 0 0 0 0 26 0 0 0
2000-04-06 10:32:04 22 13277 0 0 0 0 28 0 0 0
2000-04-06 10:42:04 22 13277 0 0 0 0 28 0 0 0
2000-04-06 10:52:04 22 13277 0 0 0 0 27 0 0 0
2000-04-06 11:02:04 22 13277 0 0 0 0 27 0 0 0
2000-04-06 11:12:04 22 13277 0 0 0 0 27 0 0 0
2000-04-06 11:22:04 22 13277 0 0 0 0 28 0 0 0
2000-04-06 11:32:04 22 13277 0 0 0 0 26 0 0 0
2000-04-06 11:42:04 22 13277 0 0 0 0 26 0 0 0
2000-04-06 11:52:04 22 13277 0 0 0 0 28 0 0 0
2000-04-06 12:02:04 22 13277 0 0 0 0 28 0 0 0
2000-04-06 12:12:04 22 13277 0 0 0 0 28 0 0 0
2000-04-06 12:22:04 22 13277 0 0 0 0 26 0 0 0
2000-04-06 12:32:04 22 13222 0 0 0 0 27 0 0 0
2000-04-06 12:42:04 22 13222 0 0 0 0 28 0 0 0
2000-04-06 12:52:04 22 13222 0 0 0 0 27 0 0 0
2000-04-06 13:02:04 22 13222 0 0 0 0 27 0 0 0
2000-04-06 13:12:04 22 13222 0 0 0 0 27 0 0 0
2000-04-06 13:22:04 22 13222 0 0 0 0 28 0 0 0
2000-04-06 13:32:04 22 13222 0 0 0 0 26 0 0 0
2000-04-06 13:42:04 22 13222 0 0 0 0 28 0 0 0
2000-04-06 13:52:04 22 13222 0 0 0 0 27 0 0 0
2000-04-06 14:02:04 22 13222 0 0 0 0 28 0 0 0
2000-04-06 14:12:04 22 13222 0 0 0 0 27 0 0 0
2000-04-06 14:22:04 22 13222 0 0 0 0 27 0 0 0
2000-04-06 14:32:04 22 13222 0 0 0 0 27 0 0 0
2000-04-06 14:42:04 22 13222 0 0 0 0 27 0 0 0
2000-04-06 14:52:04 22 13222 0 0 0 0 27 0 0 0
2000-04-06 15:02:04 22 13222 0 0 0 0 27 0 0 0
2000-04-06 15:12:04 22 13222 0 0 0 0 28 0 0 0
2000-04-06 15:22:04 22 13222 0 0 0 0 28 0 0 0
2000-04-06 15:32:04 22 13222 0 0 0 0 27 0 0 0
2000-04-06 15:42:04 22 13222 0 0 0 0 28 0 0 0
2000-04-06 15:52:04 22 13222 0 264 0 0 28 0 220 0
2000-04-06 16:02:04 22 13222 0 3278 0 0 27 0 2794 2
2000-04-06 16:12:04 22 13167 0 10109 0 0 28 2 9790 3
2000-04-06 16:22:04 22 13123 0 13068 0 0 28 4 14190 6
2000-04-06 16:32:04 22 13167 0 13607 0 0 28 8 16500 11
2000-04-06 16:42:04 22 13222 0 13871 0 0 27 22 18601 25
2000-04-06 16:52:04 22 13222 0 13926 0 0 28 28 18975 31
2000-04-06 17:02:04 22 13222 0 13981 0 0 28 32 19140 35
2000-04-06 17:12:04 22 13222 0 13981 0 0 27 34 19195 38
2000-04-06 17:22:04 22 13222 0 14135 0 0 27 38 19305 42
2000-04-06 17:32:04 22 13277 0 14190 0 0 28 54 19789 58
2000-04-06 17:42:04 22 13277 0 14619 0 0 27 78 20273 83
2000-04-06 17:52:04 22 13332 0 15004 0 0 27 105 20537 112
2000-04-06 18:02:04 22 13332 0 15543 0 0 27 130 20757 147
2000-04-06 18:12:04 22 13387 0 15323 0 0 28 172 20966 185
2000-04-06 18:22:04 22 13442 0 15488 0 0 26 211 21131 228
2000-04-06 18:32:04 22 13442 0 15752 0 0 28 249 21186 271
2000-04-06 18:42:04 22 13497 0 15697 0 0 27 295 21241 317
2000-04-06 18:52:04 22 13552 0 15862 0 0 28 339 21340 363
2000-04-06 19:02:04 22 13607 0 16126 0 0 28 375 21450 409
2000-04-06 19:12:04 22 13651 0 16027 0 0 26 424 21450 455
2000-04-06 19:22:04 22 13651 0 15697 0 0 28 484 21505 500
2000-04-06 19:32:04 22 13706 0 16071 0 0 28 504 21450 544
2000-04-06 19:42:04 22 13706 0 16126 0 0 28 543 21450 589
2000-04-06 19:52:04 22 13761 0 16071 0 0 27 581 21450 631
2000-04-06 20:02:04 22 13761 0 16181 0 0 28 625 21505 672
2000-04-06 20:12:04 22 13871 0 16456 0 0 28 652 21560 712
2000-04-06 20:22:04 22 13926 0 16346 0 0 28 683 21505 751
2000-04-06 20:32:04 22 14135 0 17908 0 0 28 559 21450 788
2000-04-06 20:42:04 22 14410 0 21131 0 0 28 90 21340 823
2000-04-06 20:52:04 22 14410 0 21186 0 0 26 44 21285 857
2000-04-06 21:02:04 22 14410 0 21186 0 0 27 36 21285 886
2000-04-06 21:12:04 22 14410 0 21241 0 0 27 35 21340 915
2000-04-06 21:22:04 22 14410 0 21241 0 0 27 34 21285 945
2000-04-06 21:32:04 22 14410 0 21186 0 0 26 33 21285 972
2000-04-06 21:42:04 22 14410 0 21131 0 0 28 33 21241 996
2000-04-06 21:52:04 22 14410 0 21241 0 0 27 32 21285 1016
2000-04-06 22:02:04 22 14410 0 21131 0 0 26 32 21186 1033
2000-04-06 22:12:04 22 14410 0 21131 0 0 28 32 21241 1049
2000-04-06 22:22:04 22 14410 0 21131 0 0 28 33 21241 1060
2000-04-06 22:32:04 22 14410 0 21186 0 0 27 32 21285 1075
2000-04-06 22:42:04 22 14410 0 21076 0 0 27 32 21131 1087
2000-04-06 22:52:04 22 14410 0 21021 0 0 26 33 21131 1094
2000-04-06 23:02:04 22 14410 0 21021 0 0 27 32 21131 1094
2000-04-06 23:12:04 22 14410 0 21131 0 0 27 33 21186 1095
2000-04-06 23:22:04 22 14410 0 21021 0 0 28 33 21131 1092
2000-04-06 23:32:04 22 14410 0 20911 0 0 26 33 21021 1090
2000-04-06 23:42:04 22 14410 0 21076 0 0 28 32 21186 1077
2000-04-06 23:52:04 22 14410 0 21131 0 0 27 32 21241 1068
