Time ID V1 V2 V3 I1 I2 I3 I4 O1 O2
2000-05-13 00:02:04 22 14300 0 20647 0 0 27 186 21076 1140
2000-05-13 00:12:04 22 14300 0 20537 0 0 28 183 21021 1040
2000-05-13 00:22:04 22 14300 0 20482 0 0 28 179 20911 931
2000-05-13 00:32:04 22 14300 0 20647 0 0 28 179 21131 833
2000-05-13 00:42:04 22 14300 0 20757 0 0 28 185 21241 907
2000-05-13 00:52:04 22 14300 0 20856 0 0 28 180 21340 876
2000-05-13 01:02:04 22 14300 0 20801 0 0 27 184 21285 809
2000-05-13 01:12:04 22 14300 0 20702 0 0 28 177 21285 705
2000-05-13 01:22:04 22 14300 0 20372 0 0 27 189 21186 516
2000-05-13 01:32:04 22 14300 0 20702 0 0 28 180 21395 608
2000-05-13 01:42:04 22 14300 0 20647 0 0 28 181 21340 436
2000-05-13 01:52:04 22 14190 0 17369 0 0 27 183 21285 263
2000-05-13 02:02:04 22 13706 0 15697 0 0 28 153 20966 164
2000-05-13 02:12:04 22 13387 0 15323 0 0 28 157 20856 166
2000-05-13 02:22:04 22 13277 0 15059 0 0 28 135 20482 144
2000-05-13 02:32:04 22 13332 0 15158 0 0 28 116 20372 128
2000-05-13 02:42:04 22 13387 0 15059 0 0 26 120 20273 128
2000-05-13 02:52:04 22 13442 0 14674 0 0 27 102 20053 106
2000-05-13 03:02:04 22 13442 0 14619 0 0 27 72 19679 76
2000-05-13 03:12:04 22 13442 0 14465 0 0 28 54 19305 57
2000-05-13 03:22:04 22 13277 0 14091 0 0 26 31 18436 33
2000-05-13 03:32:04 22 13123 0 13816 0 0 28 18 17523 21
2000-05-13 03:42:04 22 13123 0 13332 0 0 28 7 15004 10
2000-05-13 03:52:04 22 13222 0 11022 0 0 28 2 10483 4
2000-05-13 04:02:04 22 13068 0 4301 111 0 28 0 3333 2
2000-05-13 04:12:04 22 13013 0 429 165 0 28 0 319 0
2000-05-13 04:22:04 22 13068 0 55 165 0 29 0 0 0
2000-05-13 04:32:04 22 13068 0 0 165 0 28 0 0 0
2000-05-13 04:42:04 22 13013 0 0 251 0 28 0 0 0
2000-05-13 04:52:04 22 12903 0 0 397 0 28 0 0 0
2000-05-13 05:02:04 22 12903 0 0 396 0 28 0 0 0
2000-05-13 05:12:04 22 12903 0 0 397 0 28 0 0 0
2000-05-13 05:22:04 22 12958 0 0 394 0 28 0 0 0
2000-05-13 05:32:04 22 12958 0 0 394 0 27 0 0 0
2000-05-13 05:42:04 22 13013 0 0 394 0 27 0 0 0
2000-05-13 05:52:04 22 13013 0 0 393 0 28 0 0 0
2000-05-13 06:02:04 22 13013 0 0 393 0 27 0 0 0
2000-05-13 06:12:04 22 13013 0 0 394 0 27 0 0 0
2000-05-13 06:22:04 22 13013 0 0 394 0 28 0 0 0
2000-05-13 06:32:04 22 13013 0 0 394 0 27 0 0 0
2000-05-13 06:42:04 22 13123 0 0 225 0 28 0 0 0
2000-05-13 06:52:04 22 13123 0 0 225 0 28 0 0 0
2000-05-13 07:02:04 22 13123 0 0 225 0 26 0 0 0
2000-05-13 07:12:04 22 13123 0 0 225 0 28 0 0 0
2000-05-13 07:22:04 22 13123 0 0 184 0 27 0 0 0
2000-05-13 07:32:04 22 13222 0 0 0 0 28 0 0 0
2000-05-13 07:42:04 22 13277 0 0 0 0 28 0 0 0
2000-05-13 07:52:04 22 13277 0 0 0 0 28 0 0 0
2000-05-13 08:02:04 22 13277 0 0 0 0 26 0 0 0
2000-05-13 08:12:04 22 13277 0 0 0 0 27 0 0 0
2000-05-13 08:22:04 22 13277 0 0 0 0 27 0 0 0
2000-05-13 08:32:04 22 13277 0 0 0 0 26 0 0 0
2000-05-13 08:42:04 22 13277 0 0 0 0 28 0 0 0
2000-05-13 08:52:04 22 13277 0 0 0 0 28 0 0 0
2000-05-13 09:02:04 22 13277 0 0 0 0 28 0 0 0
2000-05-13 09:12:04 22 13277 0 0 0 0 28 0 0 0
2000-05-13 09:22:04 22 13277 0 0 0 0 28 0 0 0
2000-05-13 09:32:04 22 13277 0 0 0 0 26 0 0 0
2000-05-13 09:42:04 22 13277 0 0 0 0 27 0 0 0
2000-05-13 09:52:04 22 13277 0 0 0 0 28 0 0 0
2000-05-13 10:02:04 22 13277 0 0 0 0 28 0 0 0
2000-05-13 10:12:04 22 13277 0 0 0 0 28 0 0 0
2000-05-13 10:22:04 22 13277 0 0 0 0 26 0 0 0
2000-05-13 10:32:04 22 13277 0 0 0 0 27 0 0 0
2000-05-13 10:42:04 22 13277 0 0 0 0 27 0 0 0
2000-05-13 10:52:04 22 13277 0 0 0 0 28 0 0 0
2000-05-13 11:02:04 22 13277 0 0 0 0 28 0 0 0
2000-05-13 11:12:04 22 13277 0 0 0 0 27 0 0 0
2000-05-13 11:22:04 22 13277 0 0 0 0 28 0 0 0
2000-05-13 11:32:04 22 13277 0 0 0 0 26 0 0 0
2000-05-13 11:42:04 22 13277 0 0 0 0 27 0 0 0
2000-05-13 11:52:04 22 13277 0 0 0 0 27 0 0 0
2000-05-13 12:02:04 22 13277 0 0 0 0 27 0 0 0
2000-05-13 12:12:04 22 13277 0 0 0 0 27 0 0 0
2000-05-13 12:22:04 22 13277 0 0 0 0 28 0 0 0
2000-05-13 12:32:04 22 13277 0 0 0 0 27 0 0 0
2000-05-13 12:42:04 22 13222 0 0 0 0 27 0 0 0
2000-05-13 12:52:04 22 13222 0 0 0 0 27 0 0 0
2000-05-13 13:02:04 22 13222 0 0 0 0 27 0 0 0
2000-05-13 13:12:04 22 13222 0 0 0 0 26 0 0 0
2000-05-13 13:22:04 22 13222 0 0 0 0 27 0 0 0
2000-05-13 13:32:04 22 13222 0 0 0 0 26 0 0 0
2000-05-13 13:42:04 22 13222 0 0 0 0 28 0 0 0
2000-05-13 13:52:04 22 13222 0 0 0 0 27 0 0 0
2000-05-13 14:02:04 22 13222 0 0 0 0 27 0 0 0
2000-05-13 14:12:04 22 13222 0 0 0 0 27 0 0 0
2000-05-13 14:22:04 22 13222 0 0 0 0 27 0 0 0
2000-05-13 14:32:04 22 13222 0 0 0 0 26 0 0 0
2000-05-13 14:42:04 22 13222 0 0 0 0 27 0 0 0
2000-05-13 14:52:04 22 13222 0 0 0 0 27 0 0 0
2000-05-13 15:02:04 22 13222 0 0 0 0 27 0 0 0
2000-05-13 15:12:04 22 13222 0 0 0 0 26 0 0 0
2000-05-13 15:22:04 22 13222 0 0 0 0 27 0 0 0
2000-05-13 15:32:04 22 13222 0 55 0 0 28 0 55 0
2000-05-13 15:42:04 22 13167 0 1672 0 0 27 0 1397 1
2000-05-13 15:52:04 22 13167 0 8382 0 0 28 1 7953 3
2000-05-13 16:02:04 22 13167 0 12529 0 0 26 3 12848 5
2000-05-13 16:12:04 22 13167 0 13497 0 0 27 9 16401 13
2000-05-13 16:22:04 22 13167 0 13871 0 0 26 21 18282 24
2000-05-13 16:32:04 22 13167 0 13926 0 0 27 34 19195 38
2000-05-13 16:42:04 22 13222 0 14245 0 0 27 54 19844 58
2000-05-13 16:52:04 22 13277 0 14575 0 0 27 68 20163 73
2000-05-13 17:02:04 22 13277 0 14674 0 0 27 81 20328 85
2000-05-13 17:12:04 22 13277 0 15213 0 0 27 86 20427 94
2000-05-13 17:22:04 22 13277 0 14894 0 0 28 100 20537 106
2000-05-13 17:32:04 22 13332 0 15158 0 0 28 121 20757 129
2000-05-13 17:42:04 22 13332 0 15158 0 0 27 121 20702 129
2000-05-13 17:52:04 22 13332 0 15213 0 0 27 142 20856 153
2000-05-13 18:02:04 22 13387 0 15378 0 0 27 166 20966 183
2000-05-13 18:12:04 22 13497 0 15752 0 0 28 271 21285 292
2000-05-13 18:22:04 22 13552 0 15752 0 0 27 338 21241 364
2000-05-13 18:32:04 22 13607 0 15917 0 0 26 395 21241 427
2000-05-13 18:42:04 22 13651 0 15862 0 0 26 413 21186 444
2000-05-13 18:52:04 22 13651 0 15862 0 0 26 431 21241 464
2000-05-13 19:02:04 22 13607 0 15917 0 0 27 378 21285 415
2000-05-13 19:12:04 22 13706 0 16181 0 0 28 541 21560 584
2000-05-13 19:22:04 22 13651 0 15917 0 0 28 478 21285 500
2000-05-13 19:32:04 22 13651 0 16027 0 0 27 434 21395 473
2000-05-13 19:42:04 22 13761 0 16181 0 0 26 592 21560 643
2000-05-13 19:52:04 22 13761 0 16126 0 0 27 626 21450 652
2000-05-13 20:02:04 22 13706 0 16126 0 0 27 544 21505 592
2000-05-13 20:12:04 22 13761 0 16236 0 0 28 624 21450 656
2000-05-13 20:22:04 22 13761 0 16071 0 0 28 605 21450 647
2000-05-13 20:32:04 22 13871 0 16401 0 0 27 759 21670 839
2000-05-13 20:42:04 22 13871 0 16346 0 0 28 786 21670 857
2000-05-13 20:52:04 22 13871 0 16181 0 0 27 759 21285 775
2000-05-13 21:02:04 22 13981 0 16456 0 0 28 899 21615 991
2000-05-13 21:12:04 22 13926 0 16401 0 0 27 860 21340 940
2000-05-13 21:22:04 22 14036 0 16610 0 0 27 903 21615 1017
2000-05-13 21:32:04 22 14135 0 17039 0 0 27 919 21450 1079
2000-05-13 21:42:04 22 14245 0 19569 0 0 26 453 21285 1108
2000-05-13 21:52:04 22 14245 0 20108 0 0 28 239 20911 820
2000-05-13 22:02:04 22 14300 0 20911 0 0 27 194 21340 939
2000-05-13 22:12:04 22 14300 0 20592 0 0 28 197 21131 931
2000-05-13 22:22:04 22 14300 0 20702 0 0 28 187 21285 795
2000-05-13 22:32:04 22 14300 0 21021 0 0 28 175 21450 1022
2000-05-13 22:42:04 22 14300 0 20966 0 0 27 194 21395 1063
2000-05-13 22:52:04 22 14300 0 20702 0 0 28 196 21241 1003
2000-05-13 23:02:04 22 14300 0 20966 0 0 28 176 21395 1037
2000-05-13 23:12:04 22 14410 0 20856 0 0 28 60 21021 1073
2000-05-13 23:22:04 22 14355 0 20966 0 0 27 150 21340 1025
2000-05-13 23:32:04 22 14300 0 20647 0 0 27 178 21131 888
2000-05-13 23:42:04 22 14300 0 20966 0 0 27 180 21340 1102
2000-05-13 23:52:04 22 14300 0 20911 0 0 26 166 21340 1125
