Time ID V1 V2 V3 I1 I2 I3 I4 O1 O2
2000-07-06 00:01:12 22 14245 0 20372 0 0 26 272 21021 1118
2000-07-06 00:11:12 22 14300 0 20427 0 0 26 258 21021 1078
2000-07-06 00:21:12 22 14300 0 20328 0 0 26 257 20966 1064
2000-07-06 00:31:12 22 14300 0 20647 0 0 26 203 21131 1025
2000-07-06 00:41:12 22 14300 0 20647 0 0 26 158 21076 979
2000-07-06 00:51:12 22 14300 0 20372 0 0 27 292 21186 942
2000-07-06 01:01:12 22 14300 0 20273 0 0 26 326 21131 910
2000-07-06 01:11:12 22 14300 0 20218 0 0 26 310 21076 872
2000-07-06 01:21:12 22 14300 0 20108 0 0 26 333 21131 825
2000-07-06 01:31:12 22 14300 0 20273 0 0 26 275 21131 774
2000-07-06 01:41:12 22 14410 0 20911 0 0 26 33 21021 727
2000-07-06 01:51:12 22 14410 0 20966 0 0 26 31 21076 674
2000-07-06 02:01:12 22 14410 0 20702 0 0 26 32 20801 620
2000-07-06 02:11:12 22 14410 0 20757 0 0 26 32 20856 557
2000-07-06 02:21:12 22 14410 0 20702 0 0 26 31 20801 504
2000-07-06 02:31:12 22 14410 0 20801 0 0 26 32 20911 446
2000-07-06 02:41:12 22 14355 0 19085 0 0 26 192 21021 381
2000-07-06 02:51:12 22 14355 0 19360 0 0 26 136 20966 318
2000-07-06 03:01:12 22 14355 0 20328 0 0 26 71 20801 257
2000-07-06 03:11:12 22 13761 0 15807 0 0 26 175 20592 200
2000-07-06 03:21:12 22 13167 0 15059 0 0 26 134 20273 147
2000-07-06 03:31:12 22 13068 0 14245 0 0 27 61 18975 64
2000-07-06 03:41:12 22 13068 0 13816 0 0 26 26 18007 30
2000-07-06 03:51:12 22 13277 0 13871 0 0 26 16 17259 21
2000-07-06 04:01:12 22 13222 0 13442 64 0 26 6 14949 10
2000-07-06 04:11:12 22 13068 0 10703 279 0 26 2 10109 4
2000-07-06 04:21:12 22 13013 0 4521 392 0 26 0 3498 2
2000-07-06 04:31:12 22 12958 0 858 393 0 27 0 594 0
2000-07-06 04:41:12 22 12793 0 110 398 0 26 0 110 0
2000-07-06 04:51:12 22 12793 0 55 398 0 27 0 0 0
2000-07-06 05:01:12 22 12683 0 110 401 0 27 0 55 0
2000-07-06 05:11:12 22 12793 0 110 399 0 26 0 55 0
2000-07-06 05:21:12 22 12793 0 55 398 0 26 0 55 0
2000-07-06 05:31:12 22 12793 0 55 375 0 26 0 0 0
2000-07-06 05:41:12 22 12903 0 55 165 0 26 0 0 0
2000-07-06 05:51:12 22 12848 0 55 236 0 26 0 0 0
2000-07-06 06:01:12 22 12958 0 55 165 0 26 0 0 0
2000-07-06 06:11:12 22 13167 0 0 163 0 26 0 0 0
2000-07-06 06:21:12 22 13167 0 0 163 0 26 0 0 0
2000-07-06 06:31:12 22 13167 0 0 163 0 26 0 0 0
2000-07-06 06:41:12 22 13123 0 0 163 0 26 0 0 0
2000-07-06 06:51:12 22 13123 0 0 163 0 27 0 0 0
2000-07-06 07:01:12 22 13123 0 0 163 0 26 0 0 0
2000-07-06 07:11:12 22 13167 0 0 76 0 27 0 0 0
2000-07-06 07:21:12 22 13277 0 0 0 0 26 0 0 0
2000-07-06 07:31:12 22 13277 0 0 0 0 26 0 0 0
2000-07-06 07:41:12 22 13277 0 0 0 0 26 0 0 0
2000-07-06 07:51:12 22 13277 0 0 0 0 26 0 0 0
2000-07-06 08:01:12 22 13277 0 0 0 0 26 0 0 0
2000-07-06 08:11:12 22 13277 0 0 0 0 26 0 0 0
2000-07-06 08:21:12 22 13277 0 0 0 0 27 0 0 0
2000-07-06 08:31:12 22 13277 0 0 0 0 26 0 0 0
2000-07-06 08:41:12 22 13277 0 0 0 0 26 0 0 0
2000-07-06 08:51:12 22 13277 0 0 0 0 27 0 0 0
2000-07-06 09:01:12 22 13277 0 0 0 0 27 0 0 0
2000-07-06 09:11:12 22 13277 0 0 0 0 27 0 0 0
2000-07-06 09:21:12 22 13277 0 0 0 0 26 0 0 0
2000-07-06 09:31:12 22 13277 0 0 0 0 26 0 0 0
2000-07-06 09:41:12 22 13277 0 0 0 0 26 0 0 0
2000-07-06 09:51:12 22 13277 0 0 0 0 26 0 0 0
2000-07-06 10:01:12 22 13277 0 0 0 0 26 0 0 0
2000-07-06 10:11:12 22 13277 0 0 0 0 26 0 0 0
2000-07-06 10:21:12 22 13277 0 0 0 0 28 0 0 0
2000-07-06 10:31:12 22 13277 0 0 0 0 26 0 0 0
2000-07-06 10:41:12 22 13277 0 0 0 0 26 0 0 0
2000-07-06 10:51:12 22 13277 0 0 0 0 27 0 0 0
2000-07-06 11:01:12 22 13277 0 0 0 0 26 0 0 0
2000-07-06 11:11:12 22 13277 0 0 0 0 27 0 0 -1
2000-07-06 11:21:12 22 13277 0 0 0 0 26 0 0 0
2000-07-06 11:31:12 22 13277 0 0 0 0 27 0 0 0
2000-07-06 11:41:12 22 13277 0 0 0 0 27 0 0 0
2000-07-06 11:51:12 22 13277 0 0 0 0 26 0 0 0
2000-07-06 12:01:12 22 13277 0 0 0 0 26 0 0 0
2000-07-06 12:11:12 22 13277 0 0 0 0 26 0 0 0
2000-07-06 12:21:12 22 13277 0 0 0 0 26 0 0 0
2000-07-06 12:31:12 22 13277 0 0 0 0 26 0 0 0
2000-07-06 12:41:12 22 13277 0 0 0 0 26 0 0 0
2000-07-06 12:51:12 22 13277 0 0 0 0 26 0 0 0
2000-07-06 13:01:12 22 13277 0 0 0 0 26 0 0 0
2000-07-06 13:11:12 22 13277 0 0 0 0 26 0 0 0
2000-07-06 13:21:12 22 13277 0 0 0 0 27 0 0 0
2000-07-06 13:31:12 22 13222 0 0 0 0 27 0 0 0
2000-07-06 13:41:12 22 13222 0 0 0 0 26 0 0 0
2000-07-06 13:51:12 22 13222 0 0 0 0 26 0 0 0
2000-07-06 14:01:12 22 13222 0 0 0 0 26 0 0 0
2000-07-06 14:11:12 22 13222 0 0 0 0 26 0 0 0
2000-07-06 14:21:12 22 13222 0 0 0 0 26 0 0 0
2000-07-06 14:31:12 22 13222 0 0 0 0 26 0 0 0
2000-07-06 14:41:12 22 13013 0 0 163 0 26 0 0 0
2000-07-06 14:51:12 22 12958 0 484 165 0 26 0 374 0
2000-07-06 15:01:12 22 13068 0 4081 164 0 26 0 3597 2
2000-07-06 15:11:12 22 13068 0 11990 118 0 27 3 11880 4
2000-07-06 15:21:12 22 13013 0 13277 0 0 26 6 15587 10
2000-07-06 15:31:12 22 13013 0 13651 0 0 27 20 18117 24
2000-07-06 15:41:12 22 13013 0 13926 0 0 27 37 19195 41
2000-07-06 15:51:12 22 13013 0 13981 0 0 26 51 19679 55
2000-07-06 16:01:12 22 12903 0 14245 0 0 26 64 19943 69
2000-07-06 16:11:12 22 12903 0 14465 0 0 26 71 20108 77
2000-07-06 16:21:12 22 12903 0 14465 0 0 26 82 20273 87
2000-07-06 16:31:12 22 12903 0 14575 0 0 26 91 20372 97
2000-07-06 16:41:12 22 12848 0 14894 0 0 26 123 20702 130
2000-07-06 16:51:12 22 12848 0 15059 0 0 26 152 20911 161
2000-07-06 17:01:12 22 13123 0 15323 0 0 26 209 21241 222
2000-07-06 17:11:12 22 13167 0 15378 0 0 26 260 21395 272
2000-07-06 17:21:12 22 13222 0 15642 0 0 26 306 21560 326
2000-07-06 17:31:12 22 13222 0 15433 0 0 26 292 21395 301
2000-07-06 17:41:12 22 13222 0 15752 0 0 27 327 21560 352
2000-07-06 17:51:12 22 13332 0 15972 0 0 26 431 21725 467
2000-07-06 18:01:12 22 13332 0 15862 0 0 26 488 21769 520
2000-07-06 18:11:12 22 13332 0 16071 0 0 27 545 21769 576
2000-07-06 18:21:12 22 13442 0 16071 0 0 27 591 21725 628
2000-07-06 18:31:12 22 13442 0 16027 0 0 26 631 21725 681
2000-07-06 18:41:12 22 13497 0 16027 0 0 26 679 21769 732
2000-07-06 18:51:12 22 13607 0 15972 0 0 26 737 21670 780
2000-07-06 19:01:12 22 13651 0 16027 0 0 26 771 21505 833
2000-07-06 19:11:12 22 13761 0 15917 0 0 26 832 21505 895
2000-07-06 19:21:12 22 13816 0 15972 0 0 26 847 21505 892
2000-07-06 19:31:12 22 13816 0 16181 0 0 26 923 21450 999
2000-07-06 19:41:12 22 13761 0 15917 0 0 26 788 21241 846
2000-07-06 19:51:12 22 13816 0 16236 0 0 26 886 21505 967
2000-07-06 20:01:12 22 13816 0 15972 0 0 26 872 21186 923
2000-07-06 20:11:12 22 13871 0 16236 0 0 28 974 21340 1097
2000-07-06 20:21:12 22 13871 0 16346 0 0 27 937 21186 1063
2000-07-06 20:31:12 22 13816 0 16984 0 0 27 891 21131 1087
2000-07-06 20:41:12 22 13871 0 17204 0 0 27 966 21186 1181
2000-07-06 20:51:12 22 13761 0 17523 0 0 30 924 21186 1195
2000-07-06 21:01:12 22 13816 0 16775 0 0 26 1031 21076 1220
2000-07-06 21:11:12 22 13761 0 17468 0 0 27 881 20966 1236
2000-07-06 21:21:12 22 13761 0 17259 0 0 27 943 21021 1247
2000-07-06 21:31:12 22 13816 0 17468 0 0 26 938 21076 1261
2000-07-06 21:41:12 22 13651 0 18876 0 0 26 732 21186 1259
2000-07-06 21:51:12 22 13926 0 16665 0 0 26 1095 21021 1261
2000-07-06 22:01:12 22 14135 0 16236 0 0 26 1103 20801 1284
2000-07-06 22:11:12 22 14190 0 18117 0 0 26 983 20911 1300
2000-07-06 22:21:12 22 14245 0 18546 0 0 26 824 20801 1234
2000-07-06 22:31:12 22 14190 0 18766 0 0 26 614 21131 1080
2000-07-06 22:41:12 22 14135 0 19514 0 0 27 650 21076 1272
2000-07-06 22:51:12 22 14091 0 19844 0 0 27 462 20856 1283
2000-07-06 23:01:12 22 14091 0 19679 0 0 26 468 20801 1183
2000-07-06 23:11:12 22 14091 0 19789 0 0 26 477 20911 1227
2000-07-06 23:21:12 22 14190 0 19734 0 0 26 487 20966 1144
2000-07-06 23:31:12 22 14245 0 19624 0 0 26 517 20911 1188
2000-07-06 23:41:12 22 14300 0 19734 0 0 26 498 20911 1118
2000-07-06 23:51:12 22 14300 0 19734 0 0 26 460 20966 1111
