Time ID V1 V2 V3 I1 I2 I3 I4 O1 O2
2000-09-24 00:08:47 22 13497 0 15642 0 0 28 334 21395 348
2000-09-24 00:18:47 22 13442 0 15697 0 0 28 286 21285 308
2000-09-24 00:28:47 22 13552 0 16027 0 0 28 377 21505 409
2000-09-24 00:38:47 22 13607 0 16027 0 0 28 415 21395 453
2000-09-24 00:48:47 22 13607 0 15972 0 0 28 405 21340 437
2000-09-24 00:58:47 22 13706 0 15917 0 0 29 372 21285 407
2000-09-24 01:08:47 22 13761 0 15972 0 0 28 370 21285 407
2000-09-24 01:18:47 22 13706 0 15862 0 0 29 354 21285 384
2000-09-24 01:28:47 22 13706 0 16071 0 0 27 345 21285 380
2000-09-24 01:38:47 22 13706 0 15807 0 0 28 324 21241 349
2000-09-24 01:48:47 22 13706 0 16027 0 0 27 332 21395 409
2000-09-24 01:58:47 22 13651 0 16027 0 0 27 279 21241 332
2000-09-24 02:08:47 22 13607 0 15752 0 0 27 240 21241 258
2000-09-24 02:18:47 22 13607 0 15972 0 0 28 208 21340 222
2000-09-24 02:28:47 22 13552 0 15862 0 0 26 189 21241 201
2000-09-24 02:38:47 22 13552 0 15642 0 0 27 184 21186 196
2000-09-24 02:48:47 22 13497 0 15543 0 0 27 173 20966 185
2000-09-24 02:58:47 22 13497 0 15433 0 0 27 160 20911 172
2000-09-24 03:08:47 22 13497 0 15158 0 0 27 143 20757 152
2000-09-24 03:18:47 22 13442 0 15213 0 0 28 126 20647 135
2000-09-24 03:28:47 22 13442 0 15213 0 0 29 116 20592 122
2000-09-24 03:38:47 22 13387 0 15059 0 0 26 95 20328 100
2000-09-24 03:48:47 22 13387 0 14465 0 0 28 70 19844 71
2000-09-24 03:58:47 22 13387 0 15752 0 0 28 35 19195 47
2000-09-24 04:08:47 22 13332 0 14091 0 0 27 27 18392 29
2000-09-24 04:18:47 22 13277 0 13926 0 0 28 13 17094 17
2000-09-24 04:28:47 22 13277 0 13332 0 0 27 5 14619 8
2000-09-24 04:38:47 22 13222 0 11770 0 0 28 3 11341 4
2000-09-24 04:48:47 22 13222 0 5588 0 0 28 0 4521 2
2000-09-24 04:58:47 22 13167 0 858 0 0 28 0 539 0
2000-09-24 05:08:47 22 13222 0 55 19 0 28 0 0 0
2000-09-24 05:18:47 22 13068 0 0 164 0 27 0 0 0
2000-09-24 05:28:47 22 13068 0 0 164 0 29 0 0 0
2000-09-24 05:38:47 22 13068 0 0 164 0 28 0 0 0
2000-09-24 05:48:47 22 13068 0 0 164 0 27 0 0 0
2000-09-24 05:58:47 22 13068 0 0 164 0 28 0 0 0
2000-09-24 06:08:47 22 13013 0 0 223 0 28 0 0 0
2000-09-24 06:18:47 22 12903 0 0 396 0 28 0 0 0
2000-09-24 06:28:47 22 12958 0 0 337 0 28 0 0 0
2000-09-24 06:38:47 22 13068 0 0 226 0 28 0 0 0
2000-09-24 06:48:47 22 13068 0 0 226 0 28 0 0 0
2000-09-24 06:58:47 22 12958 0 0 228 0 28 0 0 0
2000-09-24 07:08:47 22 12958 0 0 228 0 28 0 0 0
2000-09-24 07:18:47 22 12958 0 0 229 0 28 0 0 0
2000-09-24 07:28:47 22 13167 0 0 68 0 28 0 0 0
2000-09-24 07:38:47 22 13222 0 0 0 0 28 0 0 0
2000-09-24 07:48:47 22 13277 0 0 0 0 28 0 0 0
2000-09-24 07:58:47 22 13277 0 0 0 0 28 0 0 0
2000-09-24 08:08:47 22 13277 0 0 0 0 28 0 0 0
2000-09-24 08:18:47 22 13277 0 0 0 0 28 0 0 0
2000-09-24 08:28:47 22 13277 0 0 0 0 27 0 0 0
2000-09-24 08:38:47 22 13277 0 0 0 0 26 0 0 0
2000-09-24 08:48:47 22 13277 0 0 0 0 28 0 0 0
2000-09-24 08:58:47 22 13277 0 0 0 0 28 0 0 0
2000-09-24 09:08:47 22 13277 0 0 0 0 28 0 0 0
2000-09-24 09:18:47 22 13277 0 0 0 0 28 0 0 0
2000-09-24 09:28:47 22 13277 0 0 0 0 28 0 0 0
2000-09-24 09:38:47 22 13277 0 0 0 0 27 0 0 0
2000-09-24 09:48:47 22 13277 0 0 0 0 28 0 0 0
2000-09-24 09:58:47 22 13277 0 0 0 0 27 0 0 0
2000-09-24 10:08:47 22 13277 0 0 0 0 28 0 0 0
2000-09-24 10:18:47 22 13277 0 0 0 0 28 0 0 0
2000-09-24 10:28:47 22 13277 0 0 0 0 28 0 0 0
2000-09-24 10:38:47 22 13277 0 0 0 0 28 0 0 0
2000-09-24 10:48:47 22 13277 0 0 0 0 28 0 0 0
2000-09-24 10:58:47 22 13277 0 0 0 0 29 0 0 0
2000-09-24 11:08:47 22 13277 0 0 0 0 28 0 0 0
2000-09-24 11:18:47 22 13277 0 0 0 0 28 0 0 0
2000-09-24 11:28:47 22 13277 0 0 0 0 28 0 0 0
2000-09-24 11:38:47 22 13277 0 0 0 0 28 0 0 0
2000-09-24 11:48:47 22 13277 0 0 0 0 29 0 0 0
2000-09-24 11:58:47 22 13277 0 0 0 0 28 0 0 0
2000-09-24 12:08:47 22 13277 0 0 0 0 28 0 0 0
2000-09-24 12:18:47 22 13277 0 0 0 0 28 0 0 0
2000-09-24 12:28:47 22 13277 0 0 0 0 27 0 0 0
2000-09-24 12:38:47 22 13277 0 0 0 0 28 0 0 0
2000-09-24 12:48:47 22 13277 0 0 0 0 28 0 0 0
2000-09-24 12:58:47 22 13277 0 0 0 0 28 0 0 0
2000-09-24 13:08:47 22 13277 0 0 0 0 27 0 0 0
2000-09-24 13:18:47 22 13277 0 0 0 0 28 0 0 0
2000-09-24 13:28:47 22 13277 0 0 0 0 27 0 0 0
2000-09-24 13:38:47 22 13277 0 0 0 0 28 0 0 0
2000-09-24 13:48:47 22 13277 0 0 0 0 28 0 0 0
2000-09-24 13:58:47 22 13277 0 0 0 0 28 0 0 0
2000-09-24 14:08:47 22 13277 0 0 0 0 28 0 0 0
2000-09-24 14:18:47 22 13277 0 0 0 0 27 0 0 0
2000-09-24 14:28:47 22 13277 0 0 0 0 28 0 0 0
2000-09-24 14:38:47 22 13277 0 0 0 0 28 0 0 0
2000-09-24 14:48:47 22 13277 0 0 0 0 28 0 0 0
2000-09-24 14:58:47 22 13277 0 165 0 0 28 0 165 0
2000-09-24 15:08:47 22 13277 0 1617 0 0 28 0 1232 0
2000-09-24 15:18:47 22 13277 0 7799 0 0 28 1 7469 3
2000-09-24 15:28:47 22 13277 0 12639 0 0 27 3 12584 5
2000-09-24 15:38:47 22 13277 0 13706 0 0 28 7 15917 11
2000-09-24 15:48:47 22 13277 0 13981 0 0 28 20 18337 25
2000-09-24 15:58:47 22 13123 0 13981 0 0 28 32 19085 36
2000-09-24 16:08:47 22 13068 0 14135 0 0 28 51 19844 57
2000-09-24 16:18:47 22 13222 0 14520 0 0 28 70 20163 75
2000-09-24 16:28:47 22 13277 0 14729 0 0 28 82 20372 88
2000-09-24 16:38:47 22 13277 0 14949 0 0 28 96 20537 102
2000-09-24 16:48:47 22 13332 0 15059 0 0 28 112 20702 119
2000-09-24 16:58:47 22 13332 0 15323 0 0 27 127 20856 136
2000-09-24 17:08:47 22 13387 0 15268 0 0 27 142 20966 152
2000-09-24 17:18:47 22 13387 0 15323 0 0 27 155 20966 166
2000-09-24 17:28:47 22 13387 0 15543 0 0 28 165 21021 179
2000-09-24 17:38:47 22 13442 0 15378 0 0 28 180 21021 194
2000-09-24 17:48:47 22 13442 0 15433 0 0 27 191 21076 206
2000-09-24 17:58:47 22 13442 0 15587 0 0 28 200 21076 220
2000-09-24 18:08:47 22 13497 0 15488 0 0 28 219 21076 237
2000-09-24 18:18:47 22 13497 0 15642 0 0 27 255 21241 275
2000-09-24 18:28:47 22 13552 0 15917 0 0 27 267 21241 291
2000-09-24 18:38:47 22 13552 0 15807 0 0 28 278 21241 297
2000-09-24 18:48:47 22 13607 0 15917 0 0 28 327 21340 353
2000-09-24 18:58:47 22 13651 0 16181 0 0 27 423 21505 462
2000-09-24 19:08:47 22 13651 0 15917 0 0 28 432 21340 465
2000-09-24 19:18:47 22 13706 0 15917 0 0 28 476 21340 515
2000-09-24 19:28:47 22 13761 0 16291 0 0 28 565 21450 627
2000-09-24 19:38:47 22 13761 0 15972 0 0 27 543 21241 583
2000-09-24 19:48:47 22 13607 0 15752 0 0 28 484 21186 524
2000-09-24 19:58:47 22 13761 0 15917 0 0 28 624 21340 674
2000-09-24 20:08:47 22 13816 0 16027 0 0 28 718 21285 773
2000-09-24 20:18:47 22 13871 0 16181 0 0 28 789 21285 871
2000-09-24 20:28:47 22 13981 0 16236 0 0 28 857 21340 946
2000-09-24 20:38:47 22 14036 0 16456 0 0 28 856 21395 949
2000-09-24 20:48:47 22 14135 0 16346 0 0 29 923 21285 1022
2000-09-24 20:58:47 22 14135 0 16401 0 0 29 940 21186 1048
2000-09-24 21:08:47 22 14135 0 17039 0 0 29 839 21186 1045
2000-09-24 21:18:47 22 14245 0 18601 0 0 28 752 21076 1079
2000-09-24 21:28:47 22 14190 0 19569 0 0 29 594 21186 1106
2000-09-24 21:38:47 22 14091 0 19844 0 0 29 486 21076 1108
2000-09-24 21:48:47 22 14135 0 19998 0 0 28 426 21021 1114
2000-09-24 21:58:47 22 14091 0 20273 0 0 28 303 20966 1144
2000-09-24 22:08:47 22 14091 0 20218 0 0 28 328 20966 1185
2000-09-24 22:18:47 22 14036 0 20108 0 0 28 336 20856 1221
2000-09-24 22:28:47 22 14091 0 20218 0 0 28 310 20911 1250
2000-09-24 22:38:47 22 14091 0 20218 0 0 26 299 20801 1292
2000-09-24 22:48:47 22 14036 0 20163 0 0 28 281 20757 1295
2000-09-24 22:58:47 22 14091 0 20053 0 0 28 281 20647 1268
2000-09-24 23:08:47 22 14091 0 20372 0 0 29 224 20856 1252
2000-09-24 23:18:47 22 14135 0 20482 0 0 29 133 20757 1294
2000-09-24 23:28:47 22 14135 0 20592 0 0 28 127 20856 1296
2000-09-24 23:38:47 22 14190 0 20647 0 0 28 122 20911 1169
2000-09-24 23:48:47 22 14245 0 20592 0 0 26 114 20801 1299
2000-09-24 23:58:47 22 14245 0 20482 0 0 28 102 20702 1274
