Time ID V1 V2 V3 I1 I2 I3 I4 O1 O2
2000-07-02 00:01:12 22 14410 0 21021 0 0 26 31 21131 1110
2000-07-02 00:11:12 22 14410 0 20856 0 0 26 31 20966 999
2000-07-02 00:21:12 22 14410 0 21131 0 0 26 31 21241 901
2000-07-02 00:31:12 22 14410 0 20966 0 0 26 31 21076 947
2000-07-02 00:41:12 22 14355 0 20856 0 0 27 132 21186 946
2000-07-02 00:51:12 22 14300 0 20482 0 0 27 157 20911 847
2000-07-02 01:01:12 22 14300 0 20856 0 0 26 153 21340 759
2000-07-02 01:11:12 22 14300 0 20911 0 0 26 153 21450 689
2000-07-02 01:21:12 22 14300 0 19250 0 0 26 169 20856 350
2000-07-02 01:31:12 22 14300 0 19514 0 0 26 164 21076 365
2000-07-02 01:41:12 22 14300 0 20647 0 0 26 170 21450 545
2000-07-02 01:51:12 22 14300 0 20757 0 0 26 184 21395 567
2000-07-02 02:01:12 22 14300 0 20537 0 0 26 176 21285 497
2000-07-02 02:11:12 22 14300 0 20427 0 0 27 178 21285 427
2000-07-02 02:21:12 22 14355 0 20647 0 0 27 120 21285 381
2000-07-02 02:31:12 22 14355 0 20537 0 0 27 84 21021 295
2000-07-02 02:41:12 22 14355 0 20372 0 0 26 88 21021 258
2000-07-02 02:51:12 22 14355 0 19943 0 0 27 90 20801 204
2000-07-02 03:01:12 22 14355 0 19360 0 0 26 91 20592 162
2000-07-02 03:11:12 22 14355 0 16610 0 0 28 97 20218 117
2000-07-02 03:21:12 22 14135 0 15103 0 0 26 67 19569 72
2000-07-02 03:31:12 22 13706 0 14619 0 0 26 36 18711 41
2000-07-02 03:41:12 22 13442 0 14135 0 0 26 20 17688 24
2000-07-02 03:51:12 22 13167 0 13497 107 0 26 9 15807 12
2000-07-02 04:01:12 22 13013 0 12738 164 0 27 3 13013 6
2000-07-02 04:11:12 22 13013 0 9031 164 0 27 2 8173 3
2000-07-02 04:21:12 22 13013 0 2310 199 0 26 0 1617 0
2000-07-02 04:31:12 22 12903 0 264 395 0 26 0 220 0
2000-07-02 04:41:12 22 12903 0 55 395 0 26 0 0 0
2000-07-02 04:51:12 22 12958 0 0 394 0 27 0 0 0
2000-07-02 05:01:12 22 13013 0 0 393 0 27 0 0 0
2000-07-02 05:11:12 22 13013 0 0 393 0 27 0 0 0
2000-07-02 05:21:12 22 12958 0 0 395 0 26 0 0 0
2000-07-02 05:31:12 22 12848 0 0 396 0 26 0 0 0
2000-07-02 05:41:12 22 12848 0 0 396 1 30 0 0 0
2000-07-02 05:51:12 22 12848 0 0 396 0 26 0 0 0
2000-07-02 06:01:12 22 12903 0 0 395 0 26 0 0 0
2000-07-02 06:11:12 22 12848 0 0 396 0 26 0 0 0
2000-07-02 06:21:12 22 12848 0 0 398 0 26 0 0 0
2000-07-02 06:31:12 22 13013 0 0 187 0 26 0 0 0
2000-07-02 06:41:12 22 13013 0 0 164 0 26 0 0 0
2000-07-02 06:51:12 22 13068 0 0 164 0 26 0 0 0
2000-07-02 07:01:12 22 13123 0 0 163 0 27 0 0 0
2000-07-02 07:11:12 22 13123 0 0 163 0 27 0 0 0
2000-07-02 07:21:12 22 13123 0 0 163 0 26 0 0 0
2000-07-02 07:31:12 22 13123 0 0 163 0 27 0 0 0
2000-07-02 07:41:12 22 13123 0 0 163 0 28 0 0 0
2000-07-02 07:51:12 22 13123 0 0 163 0 27 0 0 0
2000-07-02 08:01:12 22 13123 0 0 163 0 26 0 0 0
2000-07-02 08:11:12 22 13068 0 0 0 0 26 0 0 0
2000-07-02 08:21:12 22 13068 0 0 0 0 26 0 0 0
2000-07-02 08:31:12 22 13068 0 0 0 0 26 0 0 0
2000-07-02 08:41:12 22 13068 0 0 0 0 26 0 0 0
2000-07-02 08:51:12 22 13068 0 0 0 0 26 0 0 0
2000-07-02 09:01:12 22 13068 0 0 0 0 26 0 0 0
2000-07-02 09:11:12 22 13068 0 0 0 0 28 0 0 0
2000-07-02 09:21:12 22 13068 0 0 0 0 27 0 0 0
2000-07-02 09:31:12 22 13068 0 0 0 1 28 0 0 0
2000-07-02 09:41:12 22 13068 0 0 0 0 28 0 0 0
2000-07-02 09:51:12 22 13068 0 0 0 0 27 0 0 0
2000-07-02 10:01:12 22 13068 0 0 0 0 26 0 0 0
2000-07-02 10:11:12 22 13013 0 0 0 0 26 0 0 0
2000-07-02 10:21:12 22 13013 0 0 0 0 26 0 0 0
2000-07-02 10:31:12 22 13013 0 0 0 0 26 0 0 0
2000-07-02 10:41:12 22 13013 0 0 0 0 26 0 0 0
2000-07-02 10:51:12 22 13013 0 0 0 0 26 0 0 0
2000-07-02 11:01:12 22 13013 0 0 0 0 26 0 0 0
2000-07-02 11:11:12 22 13013 0 0 0 0 26 0 0 0
2000-07-02 11:21:12 22 13013 0 0 0 0 27 0 0 0
2000-07-02 11:31:12 22 12958 0 0 0 0 26 0 0 0
2000-07-02 11:41:12 22 12958 0 0 0 0 27 0 0 0
2000-07-02 11:51:12 22 12958 0 0 0 0 26 0 0 0
2000-07-02 12:01:12 22 12958 0 0 0 0 26 0 0 0
2000-07-02 12:11:12 22 12958 0 0 0 0 28 0 0 0
2000-07-02 12:21:12 22 12958 0 0 0 0 26 0 0 0
2000-07-02 12:31:12 22 12958 0 0 0 0 26 0 0 0
2000-07-02 12:41:12 22 12958 0 0 0 0 26 0 0 0
2000-07-02 12:51:12 22 12958 0 0 0 0 26 0 0 0
2000-07-02 13:01:12 22 12958 0 0 0 0 26 0 0 0
2000-07-02 13:11:12 22 13013 0 0 0 0 26 0 0 0
2000-07-02 13:21:12 22 13123 0 0 0 0 27 0 0 0
2000-07-02 13:31:12 22 13123 0 0 0 0 28 0 0 0
2000-07-02 13:41:12 22 13123 0 0 0 0 26 0 0 0
2000-07-02 13:51:12 22 13123 0 0 0 0 26 0 0 0
2000-07-02 14:01:12 22 13123 0 0 0 0 26 0 0 0
2000-07-02 14:11:12 22 13123 0 0 0 0 26 0 0 0
2000-07-02 14:21:12 22 13123 0 0 0 0 28 0 0 0
2000-07-02 14:31:12 22 13123 0 0 0 0 26 0 0 0
2000-07-02 14:41:12 22 13123 0 0 0 0 26 0 0 0
2000-07-02 14:51:12 22 13123 0 110 0 0 26 0 110 0
2000-07-02 15:01:12 22 13123 0 1672 0 0 26 0 1342 0
2000-07-02 15:11:12 22 13123 0 7898 0 0 26 1 7414 3
2000-07-02 15:21:12 22 13068 0 12584 0 0 26 4 13332 6
2000-07-02 15:31:12 22 13068 0 13607 0 0 27 12 17204 16
2000-07-02 15:41:12 22 13123 0 13816 0 0 27 26 18876 30
2000-07-02 15:51:12 22 13123 0 14091 0 0 27 42 19624 46
2000-07-02 16:01:12 22 13123 0 14465 0 0 26 64 20218 68
2000-07-02 16:11:12 22 13123 0 14839 0 0 26 80 20482 86
2000-07-02 16:21:12 22 13013 0 14894 0 0 30 97 20702 104
2000-07-02 16:31:12 22 13123 0 15004 4 0 26 116 20911 124
2000-07-02 16:41:12 22 13222 0 15323 0 0 26 143 21131 154
2000-07-02 16:51:12 22 13277 0 15862 1 0 27 181 21395 199
2000-07-02 17:01:12 22 13332 0 16181 0 0 26 229 21560 255
2000-07-02 17:11:12 22 13387 0 15807 0 0 26 246 21450 260
2000-07-02 17:21:12 22 13332 0 15543 0 0 26 194 21076 211
2000-07-02 17:31:12 22 13387 0 15642 0 0 26 269 21340 289
2000-07-02 17:41:12 22 13442 0 15972 0 0 26 341 21560 374
2000-07-02 17:51:12 22 13497 0 16346 0 0 27 398 21615 438
2000-07-02 18:01:12 22 13552 0 16071 0 0 27 415 21560 450
2000-07-02 18:11:12 22 13552 0 16181 0 0 26 486 21670 529
2000-07-02 18:21:12 22 13607 0 16236 0 0 27 503 21505 567
2000-07-02 18:31:12 22 13651 0 16181 0 0 26 484 21395 524
2000-07-02 18:41:12 22 13651 0 16071 0 0 27 500 21450 552
2000-07-02 18:51:12 22 13761 0 16555 0 0 26 629 21615 698
2000-07-02 19:01:12 22 13816 0 16401 0 0 26 737 21615 809
2000-07-02 19:11:12 22 13871 0 16456 0 0 27 781 21615 859
2000-07-02 19:21:12 22 13871 0 16346 0 0 26 802 21615 867
2000-07-02 19:31:12 22 13871 0 16555 0 0 26 805 21725 893
2000-07-02 19:41:12 22 13871 0 16346 0 0 27 910 21670 972
2000-07-02 19:51:12 22 13871 0 16346 0 0 26 916 21725 965
2000-07-02 20:01:12 22 13816 0 16610 0 0 26 863 21670 992
2000-07-02 20:11:12 22 13871 0 16291 0 0 26 930 21560 996
2000-07-02 20:21:12 22 13816 0 18282 0 0 26 804 21560 1116
2000-07-02 20:31:12 22 13651 0 15807 0 0 27 567 20911 580
2000-07-02 20:41:12 22 13706 0 18436 0 0 27 666 21560 1018
2000-07-02 20:51:12 22 13552 0 16940 0 0 27 414 21021 561
2000-07-02 21:01:12 22 13871 0 17468 0 0 27 899 21241 1133
2000-07-02 21:11:12 22 13552 0 16027 0 0 26 458 20856 579
2000-07-02 21:21:12 22 13651 0 16720 0 0 26 582 20856 723
2000-07-02 21:31:12 22 13497 0 15543 0 0 26 365 21021 443
2000-07-02 21:41:12 22 14036 0 17039 0 0 26 1010 21615 1200
2000-07-02 21:51:12 22 13871 0 16126 0 0 26 663 20966 683
2000-07-02 22:01:12 22 13926 0 17314 0 0 26 730 21505 892
2000-07-02 22:11:12 22 13981 0 17633 0 0 29 669 21340 933
2000-07-02 22:21:12 22 14190 0 19404 0 0 27 753 21285 1230
2000-07-02 22:31:12 22 14091 0 19679 0 0 26 522 21131 1166
2000-07-02 22:41:12 22 14245 0 19888 0 0 27 477 21021 1168
2000-07-02 22:51:12 22 14190 0 20537 0 0 27 346 21285 1079
2000-07-02 23:01:12 22 14135 0 20537 0 0 27 259 21186 1061
2000-07-02 23:11:12 22 14091 0 20647 0 0 27 211 21131 999
2000-07-02 23:21:12 22 14135 0 20482 0 0 26 215 20966 1023
2000-07-02 23:31:12 22 14190 0 20537 0 0 26 218 21021 1038
2000-07-02 23:41:12 22 14245 0 20757 0 0 26 203 21241 1031
2000-07-02 23:51:12 22 14300 0 20592 0 0 26 194 21021 1060
