Time ID V1 V2 V3 I1 I2 I3 I4 O1 O2
2000-04-16 00:02:04 22 14410 0 21021 0 0 27 32 21076 1012
2000-04-16 00:12:04 22 14410 0 21021 0 0 27 33 21076 999
2000-04-16 00:22:04 22 14410 0 20966 0 0 26 32 21076 985
2000-04-16 00:32:04 22 14410 0 20966 0 0 28 33 21021 965
2000-04-16 00:42:04 22 14410 0 21076 0 0 26 32 21131 936
2000-04-16 00:52:04 22 14410 0 21076 0 0 27 32 21186 905
2000-04-16 01:02:04 22 14410 0 21076 0 0 27 31 21186 872
2000-04-16 01:12:04 22 14410 0 21021 0 0 27 33 21131 843
2000-04-16 01:22:04 22 14410 0 21186 0 0 26 32 21285 802
2000-04-16 01:32:04 22 14410 0 21241 0 0 27 32 21340 763
2000-04-16 01:42:04 22 14410 0 21241 0 0 27 33 21340 715
2000-04-16 01:52:04 22 14410 0 21186 0 0 26 33 21285 517
2000-04-16 02:02:04 22 14410 0 21131 0 0 26 33 21241 301
2000-04-16 02:12:04 22 14410 0 20328 0 0 27 34 21021 92
2000-04-16 02:22:04 22 14410 0 19624 0 0 26 33 20757 60
2000-04-16 02:32:04 22 14410 0 18920 0 0 26 35 20592 52
2000-04-16 02:42:04 22 14410 0 17853 0 0 28 35 20108 49
2000-04-16 02:52:04 22 14300 0 15059 0 0 27 30 18392 36
2000-04-16 03:02:04 22 14091 0 15752 0 0 26 19 18227 31
2000-04-16 03:12:04 22 13926 0 14894 0 0 27 20 17908 26
2000-04-16 03:22:04 22 13761 0 15103 0 0 27 13 17424 20
2000-04-16 03:32:04 22 13607 0 15488 0 0 28 5 16346 13
2000-04-16 03:42:04 22 13497 0 13552 0 0 27 4 13981 7
2000-04-16 03:52:04 22 13442 0 10648 0 0 27 2 10054 4
2000-04-16 04:02:04 22 13387 0 3762 0 0 28 0 2794 2
2000-04-16 04:12:04 22 13332 0 319 0 0 28 0 264 0
2000-04-16 04:22:04 22 13332 0 0 0 0 26 0 0 0
2000-04-16 04:32:04 22 13277 0 0 0 0 28 0 0 0
2000-04-16 04:42:04 22 13277 0 0 0 0 28 0 0 0
2000-04-16 04:52:04 22 13277 0 0 0 0 27 0 0 0
2000-04-16 05:02:04 22 13277 0 0 0 0 28 0 0 0
2000-04-16 05:12:04 22 13277 0 0 0 0 27 0 0 0
2000-04-16 05:22:04 22 13277 0 0 0 0 27 0 0 0
2000-04-16 05:32:04 22 13277 0 0 0 0 27 0 0 0
2000-04-16 05:42:04 22 13277 0 0 0 0 28 0 0 0
2000-04-16 05:52:04 22 13167 0 0 122 0 28 0 0 0
2000-04-16 06:02:04 22 13222 0 0 0 0 28 0 0 0
2000-04-16 06:12:04 22 13277 0 0 0 0 26 0 0 0
2000-04-16 06:22:04 22 13277 0 0 0 0 27 0 0 0
2000-04-16 06:32:04 22 13277 0 0 0 0 28 0 0 0
2000-04-16 06:42:04 22 13277 0 0 0 0 27 0 0 0
2000-04-16 06:52:04 22 13277 0 0 0 0 28 0 0 0
2000-04-16 07:02:04 22 13277 0 0 0 0 28 0 0 0
2000-04-16 07:12:04 22 13277 0 0 0 0 28 0 0 0
2000-04-16 07:22:04 22 13277 0 0 0 0 28 0 0 0
2000-04-16 07:32:04 22 13277 0 0 0 0 28 0 0 0
2000-04-16 07:42:04 22 13277 0 0 0 0 28 0 0 0
2000-04-16 07:52:04 22 13277 0 0 0 0 28 0 0 0
2000-04-16 08:02:04 22 13277 0 0 0 0 27 0 0 0
2000-04-16 08:12:04 22 13277 0 0 0 0 27 0 0 0
2000-04-16 08:22:04 22 13277 0 0 0 0 28 0 0 0
2000-04-16 08:32:04 22 13277 0 0 0 0 28 0 0 0
2000-04-16 08:42:04 22 13277 0 0 0 0 27 0 0 0
2000-04-16 08:52:04 22 13277 0 0 0 0 28 0 0 0
2000-04-16 09:02:04 22 13277 0 0 0 0 28 0 0 0
2000-04-16 09:12:04 22 13277 0 0 0 0 28 0 0 0
2000-04-16 09:22:04 22 13277 0 0 0 0 27 0 0 0
2000-04-16 09:32:04 22 13277 0 0 0 0 28 0 0 0
2000-04-16 09:42:04 22 13277 0 0 0 0 27 0 0 0
2000-04-16 09:52:04 22 13277 0 0 0 0 28 0 0 0
2000-04-16 10:02:04 22 13222 0 0 0 0 27 0 0 0
2000-04-16 10:12:04 22 13222 0 0 0 0 27 0 0 0
2000-04-16 10:22:04 22 13222 0 0 0 0 28 0 0 0
2000-04-16 10:32:04 22 13222 0 0 0 0 28 0 0 0
2000-04-16 10:42:04 22 13222 0 0 0 0 26 0 0 0
2000-04-16 10:52:04 22 13222 0 0 0 0 27 0 0 0
2000-04-16 11:02:04 22 13222 0 0 0 0 27 0 0 0
2000-04-16 11:12:04 22 13222 0 0 0 0 28 0 0 0
2000-04-16 11:22:04 22 13222 0 0 0 0 27 0 0 0
2000-04-16 11:32:04 22 13222 0 0 0 0 29 0 0 0
2000-04-16 11:42:04 22 13222 0 0 0 0 28 0 0 0
2000-04-16 11:52:04 22 13222 0 0 0 0 27 0 0 0
2000-04-16 12:02:04 22 13222 0 0 0 0 28 0 0 0
2000-04-16 12:12:04 22 13222 0 0 0 0 27 0 0 0
2000-04-16 12:22:04 22 13222 0 0 0 0 27 0 0 0
2000-04-16 12:32:04 22 13222 0 0 0 0 26 0 0 0
2000-04-16 12:42:04 22 13222 0 0 0 0 27 0 0 0
2000-04-16 12:52:04 22 13222 0 0 0 0 27 0 0 0
2000-04-16 13:02:04 22 13222 0 0 0 0 27 0 0 0
2000-04-16 13:12:04 22 13222 0 0 0 0 28 0 0 0
2000-04-16 13:22:04 22 13222 0 0 0 0 28 0 0 0
2000-04-16 13:32:04 22 13222 0 0 0 0 27 0 0 0
2000-04-16 13:42:04 22 13222 0 0 0 0 27 0 0 0
2000-04-16 13:52:04 22 13222 0 0 0 0 27 0 0 0
2000-04-16 14:02:04 22 13222 0 0 0 0 27 0 0 0
2000-04-16 14:12:04 22 13222 0 0 0 0 28 0 0 0
2000-04-16 14:22:04 22 13222 0 0 0 0 28 0 0 0
2000-04-16 14:32:04 22 13222 0 0 0 0 28 0 0 0
2000-04-16 14:42:04 22 13222 0 0 0 0 27 0 0 0
2000-04-16 14:52:04 22 13222 0 0 0 0 27 0 0 0
2000-04-16 15:02:04 22 13222 0 0 0 0 27 0 0 0
2000-04-16 15:12:04 22 13222 0 0 0 0 27 0 0 0
2000-04-16 15:22:04 22 13222 0 0 0 0 27 0 0 0
2000-04-16 15:32:04 22 13222 0 0 0 0 27 0 0 0
2000-04-16 15:42:04 22 13222 0 55 0 0 27 0 0 0
2000-04-16 15:52:04 22 13222 0 858 0 0 27 0 649 0
2000-04-16 16:02:04 22 13222 0 6402 0 0 27 1 5863 3
2000-04-16 16:12:04 22 13222 0 11880 0 0 26 3 11770 4
2000-04-16 16:22:04 22 13222 0 13761 0 0 28 4 15268 8
2000-04-16 16:32:04 22 13222 0 14729 0 0 27 13 17688 19
2000-04-16 16:42:04 22 13277 0 14036 0 0 27 25 18656 28
2000-04-16 16:52:04 22 13277 0 14520 0 0 28 27 18920 34
2000-04-16 17:02:04 22 13277 0 14091 0 0 27 34 19030 37
2000-04-16 17:12:04 22 13277 0 14190 0 0 27 37 19140 40
2000-04-16 17:22:04 22 13277 0 14619 0 0 27 38 19305 45
2000-04-16 17:32:04 22 13277 0 14355 0 0 27 59 19789 64
2000-04-16 17:42:04 22 13277 0 14839 0 0 27 82 20163 90
2000-04-16 17:52:04 22 13332 0 15158 0 0 27 110 20482 120
2000-04-16 18:02:04 22 13332 0 15158 0 0 27 144 20702 156
2000-04-16 18:12:04 22 13387 0 15378 0 0 27 179 20911 195
2000-04-16 18:22:04 22 13442 0 15433 0 0 27 222 21076 240
2000-04-16 18:32:04 22 13387 0 15642 0 0 26 263 21186 284
2000-04-16 18:42:04 22 13387 0 15697 0 0 27 307 21241 330
2000-04-16 18:52:04 22 13442 0 15642 0 0 27 353 21285 377
2000-04-16 19:02:04 22 13497 0 15807 0 0 28 396 21340 423
2000-04-16 19:12:04 22 13552 0 16027 0 0 28 433 21340 469
2000-04-16 19:22:04 22 13607 0 15807 0 0 27 484 21340 514
2000-04-16 19:32:04 22 13651 0 15917 0 0 28 523 21395 559
2000-04-16 19:42:04 22 13706 0 16027 0 0 27 555 21395 602
2000-04-16 19:52:04 22 13761 0 15862 0 0 28 605 21285 646
2000-04-16 20:02:04 22 14190 0 18766 0 0 28 384 21285 688
2000-04-16 20:12:04 22 14355 0 21021 0 0 27 90 21285 729
2000-04-16 20:22:04 22 14355 0 21131 0 0 27 73 21340 770
2000-04-16 20:32:04 22 14355 0 21131 0 0 28 71 21340 807
2000-04-16 20:42:04 22 14355 0 21186 0 0 26 69 21340 840
2000-04-16 20:52:04 22 14355 0 21241 0 0 27 70 21395 873
2000-04-16 21:02:04 22 14355 0 21021 0 0 27 70 21186 904
2000-04-16 21:12:04 22 14355 0 20801 0 0 28 71 20966 934
2000-04-16 21:22:04 22 14355 0 20911 0 0 28 70 21076 960
2000-04-16 21:32:04 22 14355 0 20856 0 0 27 70 21021 987
2000-04-16 21:42:04 22 14355 0 20966 0 0 26 69 21131 1008
2000-04-16 21:52:04 22 14355 0 20757 0 0 26 58 20911 1030
2000-04-16 22:02:04 22 14410 0 20856 0 0 28 33 20966 1047
2000-04-16 22:12:04 22 14410 0 20757 0 0 27 33 20856 1062
2000-04-16 22:22:04 22 14410 0 20911 0 0 27 32 21021 1075
2000-04-16 22:32:04 22 14410 0 20647 0 0 28 32 20702 1092
2000-04-16 22:42:04 22 14410 0 20537 0 0 26 33 20592 1100
2000-04-16 22:52:04 22 14355 0 20372 0 0 27 150 20757 1104
2000-04-16 23:02:04 22 14300 0 20273 0 0 28 179 20702 1102
2000-04-16 23:12:04 22 14300 0 20537 0 0 28 182 20966 1099
2000-04-16 23:22:04 22 14300 0 20427 0 0 28 184 20856 1099
2000-04-16 23:32:04 22 14300 0 20372 0 0 27 178 20757 1095
2000-04-16 23:42:04 22 14300 0 20328 0 0 28 184 20757 1087
2000-04-16 23:52:04 22 14300 0 20163 0 0 28 191 20592 1074
