Time ID V1 V2 V3 I1 I2 I3 I4 O1 O2
2000-10-02 00:08:47 22 14410 0 21615 0 0 27 32 21670 993
2000-10-02 00:18:47 22 14410 0 21131 0 0 27 32 21186 666
2000-10-02 00:28:47 22 14410 0 21241 0 0 28 33 21340 801
2000-10-02 00:38:47 22 14410 0 20911 0 0 28 32 20856 945
2000-10-02 00:48:47 22 14410 0 20911 0 0 28 32 21076 660
2000-10-02 00:58:47 22 14410 0 21076 0 0 28 33 21285 476
2000-10-02 01:08:47 22 14410 0 21186 0 0 28 32 21285 655
2000-10-02 01:18:47 22 14410 0 21285 0 0 28 32 21395 929
2000-10-02 01:28:47 22 14410 0 20702 0 0 28 33 20856 444
2000-10-02 01:38:47 22 14410 0 21395 0 0 28 32 21450 565
2000-10-02 01:48:47 22 14410 0 20801 0 0 28 33 20966 312
2000-10-02 01:58:47 22 14410 0 20592 0 0 29 33 20801 214
2000-10-02 02:08:47 22 14410 0 18601 0 0 28 34 19624 75
2000-10-02 02:18:47 22 14410 0 18821 0 0 27 34 19789 80
2000-10-02 02:28:47 22 14410 0 18601 0 0 28 35 19844 80
2000-10-02 02:38:47 22 14410 0 18920 0 0 28 35 19888 83
2000-10-02 02:48:47 22 14410 0 18546 0 0 27 34 19844 78
2000-10-02 02:58:47 22 14410 0 19085 0 0 27 34 20053 90
2000-10-02 03:08:47 22 14410 0 18975 0 0 28 34 19888 80
2000-10-02 03:18:47 22 14410 0 18007 0 0 28 35 19569 65
2000-10-02 03:28:47 22 14410 0 18172 0 0 28 35 19679 69
2000-10-02 03:38:47 22 13926 0 15488 0 0 26 70 19943 83
2000-10-02 03:48:47 22 13277 0 14465 0 0 28 68 19789 74
2000-10-02 03:58:47 22 13123 0 14036 0 0 29 34 18601 38
2000-10-02 04:08:47 22 13123 0 13816 0 0 28 24 18117 28
2000-10-02 04:18:47 22 13123 0 13706 0 0 29 10 16291 14
2000-10-02 04:28:47 22 13123 0 10054 0 0 28 2 9460 4
2000-10-02 04:38:47 22 13068 0 8437 0 0 28 1 7854 3
2000-10-02 04:48:47 22 13068 0 6831 0 0 28 0 5808 3
2000-10-02 04:58:47 22 12903 0 1287 202 0 28 0 858 0
2000-10-02 05:08:47 22 12958 0 55 166 0 28 0 0 0
2000-10-02 05:18:47 22 12903 0 0 321 0 28 0 0 0
2000-10-02 05:28:47 22 12848 0 0 398 0 28 0 0 0
2000-10-02 05:38:47 22 12958 0 0 335 0 28 0 0 0
2000-10-02 05:48:47 22 13068 0 0 226 0 28 0 0 0
2000-10-02 05:58:47 22 13068 0 0 226 0 28 0 0 0
2000-10-02 06:08:47 22 13068 0 0 226 0 28 0 0 0
2000-10-02 06:18:47 22 13068 0 0 226 0 27 0 0 0
2000-10-02 06:28:47 22 13013 0 0 227 0 27 0 0 0
2000-10-02 06:38:47 22 12848 0 0 230 0 27 0 0 0
2000-10-02 06:48:47 22 13123 0 0 117 0 27 0 0 0
2000-10-02 06:58:47 22 13222 0 0 0 0 27 0 0 0
2000-10-02 07:08:47 22 13277 0 0 0 0 27 0 0 0
2000-10-02 07:18:47 22 13277 0 0 0 0 28 0 0 0
2000-10-02 07:28:47 22 13277 0 0 0 0 28 0 0 0
2000-10-02 07:38:47 22 13277 0 0 0 0 27 0 0 0
2000-10-02 07:48:47 22 13277 0 0 0 0 27 0 0 0
2000-10-02 07:58:47 22 13277 0 0 0 0 27 0 0 0
2000-10-02 08:08:47 22 13277 0 0 0 0 27 0 0 0
2000-10-02 08:18:47 22 13277 0 0 0 0 27 0 0 0
2000-10-02 08:28:47 22 13277 0 0 0 0 27 0 0 0
2000-10-02 08:38:47 22 13277 0 0 0 0 27 0 0 0
2000-10-02 08:48:47 22 13277 0 0 0 0 27 0 0 0
2000-10-02 08:58:47 22 13277 0 0 0 0 27 0 0 0
2000-10-02 09:08:47 22 13277 0 0 0 0 27 0 0 0
2000-10-02 09:18:47 22 13277 0 0 0 0 27 0 0 0
2000-10-02 09:28:47 22 13277 0 0 0 0 27 0 0 0
2000-10-02 09:38:47 22 13277 0 0 0 0 27 0 0 0
2000-10-02 09:48:47 22 13277 0 0 0 0 27 0 0 0
2000-10-02 09:58:47 22 13277 0 0 0 0 28 0 0 0
2000-10-02 10:08:47 22 13277 0 0 0 0 27 0 0 0
2000-10-02 10:18:47 22 13277 0 0 0 0 28 0 0 0
2000-10-02 10:28:47 22 13277 0 0 0 0 27 0 0 0
2000-10-02 10:38:47 22 13277 0 0 0 0 28 0 0 0
2000-10-02 10:48:47 22 13277 0 0 0 0 27 0 0 0
2000-10-02 10:58:47 22 13277 0 0 0 0 27 0 0 0
2000-10-02 11:08:47 22 13277 0 0 0 0 27 0 0 0
2000-10-02 11:18:47 22 13277 0 0 0 0 28 0 0 0
2000-10-02 11:28:47 22 13277 0 0 0 0 28 0 0 0
2000-10-02 11:38:47 22 13277 0 0 0 0 27 0 0 0
2000-10-02 11:48:47 22 13277 0 0 0 0 27 0 0 0
2000-10-02 11:58:47 22 13277 0 0 0 0 28 0 0 0
2000-10-02 12:08:47 22 13277 0 0 0 0 27 0 0 0
2000-10-02 12:18:47 22 13277 0 0 0 0 27 0 0 0
2000-10-02 12:28:47 22 13277 0 0 0 0 27 0 0 0
2000-10-02 12:38:47 22 13277 0 0 0 0 27 0 0 0
2000-10-02 12:48:47 22 13277 0 0 0 0 27 0 0 0
2000-10-02 12:58:47 22 13277 0 0 0 0 27 0 0 0
2000-10-02 13:08:47 22 13277 0 0 0 0 27 0 0 0
2000-10-02 13:18:47 22 13277 0 0 0 0 27 0 0 0
2000-10-02 13:28:47 22 13277 0 0 0 0 27 0 0 0
2000-10-02 13:38:47 22 13277 0 0 0 0 27 0 0 0
2000-10-02 13:48:47 22 13277 0 0 0 0 27 0 0 0
2000-10-02 13:58:47 22 13277 0 0 0 0 27 0 0 0
2000-10-02 14:08:47 22 13277 0 0 0 0 27 0 0 0
2000-10-02 14:18:47 22 13277 0 0 0 0 27 0 0 0
2000-10-02 14:28:47 22 13277 0 0 0 0 27 0 0 0
2000-10-02 14:38:47 22 13277 0 0 0 0 27 0 0 0
2000-10-02 14:48:47 22 13277 0 0 0 0 27 0 0 0
2000-10-02 14:58:47 22 13277 0 0 0 0 27 0 0 0
2000-10-02 15:08:47 22 13277 0 429 0 0 27 0 374 0
2000-10-02 15:18:47 22 13277 0 3872 0 0 27 0 3333 2
2000-10-02 15:28:47 22 13277 0 10164 0 0 27 2 9889 4
2000-10-02 15:38:47 22 13277 0 13497 0 0 27 4 14520 7
2000-10-02 15:48:47 22 13277 0 14190 0 0 27 9 16885 13
2000-10-02 15:58:47 22 13123 0 13706 0 0 27 16 17908 20
2000-10-02 16:08:47 22 13013 0 13761 0 0 27 21 18491 25
2000-10-02 16:18:47 22 12903 0 13651 0 0 28 29 19030 33
2000-10-02 16:28:47 22 12958 0 13926 0 0 27 42 19624 46
2000-10-02 16:38:47 22 13222 0 14410 0 0 27 65 20163 71
2000-10-02 16:48:47 22 13277 0 14949 0 0 27 83 20482 90
2000-10-02 16:58:47 22 13277 0 14949 0 0 27 96 20647 102
2000-10-02 17:08:47 22 13277 0 15103 0 0 27 113 20801 121
2000-10-02 17:18:47 22 13387 0 15587 0 0 28 181 21241 198
2000-10-02 17:28:47 22 13387 0 15587 0 0 27 240 21285 256
2000-10-02 17:38:47 22 13332 0 15587 0 0 27 227 21131 244
2000-10-02 17:48:47 22 13277 0 15378 0 0 27 203 20966 215
2000-10-02 17:58:47 22 13277 0 15378 0 0 27 170 20856 185
2000-10-02 18:08:47 22 13277 0 15433 0 0 28 182 20966 199
2000-10-02 18:18:47 22 13442 0 15862 0 0 27 366 21505 398
2000-10-02 18:28:47 22 13497 0 15807 0 0 27 455 21505 486
2000-10-02 18:38:47 22 13651 0 16181 0 0 27 616 21505 667
2000-10-02 18:48:47 22 13607 0 15862 0 0 27 600 21285 636
2000-10-02 18:58:47 22 13651 0 15917 0 0 27 617 21241 699
2000-10-02 19:08:47 22 13332 0 15268 0 0 27 194 20427 214
2000-10-02 19:18:47 22 13222 0 15378 0 0 27 187 20702 205
2000-10-02 19:28:47 22 13277 0 15488 0 0 27 232 20966 262
2000-10-02 19:38:47 22 13761 0 16984 0 0 27 699 21725 797
2000-10-02 19:48:47 22 13926 0 16236 0 0 28 941 21450 1031
2000-10-02 19:58:47 22 13926 0 16346 0 0 27 961 21186 1078
2000-10-02 20:08:47 22 13552 0 15488 0 0 27 353 20592 366
2000-10-02 20:18:47 22 13497 0 15543 0 0 27 265 20856 291
2000-10-02 20:28:47 22 13552 0 15752 0 0 29 326 21131 363
2000-10-02 20:38:47 22 13706 0 15917 7 0 28 500 21285 574
2000-10-02 20:48:47 22 13761 0 17688 0 0 27 668 21340 776
2000-10-02 20:58:47 22 13167 0 264 0 0 27 0 220 0
2000-10-02 21:08:47 22 13123 0 165 0 0 28 0 110 0
2000-10-02 21:18:47 22 13123 0 165 0 0 27 0 110 0
2000-10-02 21:28:47 22 13123 0 165 0 0 28 0 110 0
2000-10-02 21:38:47 22 13123 0 110 0 0 27 0 110 0
2000-10-02 21:48:47 22 13068 0 165 0 0 27 0 110 0
2000-10-02 21:58:47 22 13068 0 165 0 0 27 0 110 0
2000-10-02 22:08:47 22 13068 0 165 0 0 27 0 110 0
2000-10-02 22:18:47 22 13068 0 220 0 0 27 0 165 0
2000-10-02 22:28:47 22 13123 0 220 0 0 26 0 165 0
2000-10-02 22:38:47 22 13068 0 165 0 0 27 0 165 0
2000-10-02 22:48:47 22 13123 0 220 0 0 28 0 165 0
2000-10-02 22:58:47 22 13167 0 165 0 0 28 0 110 0
2000-10-02 23:08:47 22 13167 0 165 0 0 27 0 110 0
2000-10-02 23:18:47 22 13167 0 165 0 0 27 0 110 0
2000-10-02 23:28:47 22 13222 0 110 0 0 28 0 55 0
2000-10-02 23:38:47 22 13167 0 165 0 0 27 0 110 0
2000-10-02 23:48:47 22 13222 0 110 0 0 28 0 110 0
2000-10-02 23:58:47 22 13222 0 165 0 0 27 0 110 0
