Time ID V1 V2 V3 I1 I2 I3 I4 O1 O2
2000-06-03 00:01:12 22 14300 0 20372 0 0 26 256 21131 1083
2000-06-03 00:11:12 22 14300 0 20702 0 0 27 191 21131 1078
2000-06-03 00:21:12 22 14300 0 20427 0 0 28 238 20966 1029
2000-06-03 00:31:12 22 14300 0 20273 0 0 28 286 20966 998
2000-06-03 00:41:12 22 14300 0 20537 0 0 26 279 21241 948
2000-06-03 00:51:12 22 14300 0 20427 0 0 28 275 21131 906
2000-06-03 01:01:12 22 14300 0 20592 0 0 28 258 21285 868
2000-06-03 01:11:12 22 14300 0 20427 0 0 26 251 21186 821
2000-06-03 01:21:12 22 14300 0 20482 0 0 26 254 21241 777
2000-06-03 01:31:12 22 14300 0 20372 0 0 26 245 21186 749
2000-06-03 01:41:12 22 14300 0 20482 0 0 26 253 21241 709
2000-06-03 01:51:12 22 14300 0 20328 0 0 27 256 21241 658
2000-06-03 02:01:12 22 14300 0 20328 0 0 26 249 21241 596
2000-06-03 02:11:12 22 14300 0 20053 0 0 26 258 21241 533
2000-06-03 02:21:12 22 14300 0 19679 0 0 27 259 21131 465
2000-06-03 02:31:12 22 14300 0 18920 0 0 26 276 21076 410
2000-06-03 02:41:12 22 14300 0 17424 0 0 26 294 21021 352
2000-06-03 02:51:12 22 14135 0 16401 0 0 26 253 20911 293
2000-06-03 03:01:12 22 14300 0 18007 0 0 26 169 20702 236
2000-06-03 03:11:12 22 14410 0 19624 0 0 26 66 20328 169
2000-06-03 03:21:12 22 14410 0 18227 0 0 26 56 19734 101
2000-06-03 03:31:12 22 14091 0 14949 0 0 28 35 18436 41
2000-06-03 03:41:12 22 13332 0 13926 0 0 27 14 16775 18
2000-06-03 03:51:12 22 13167 0 13222 0 0 27 5 14300 8
2000-06-03 04:01:12 22 13167 0 10483 0 0 26 2 9834 4
2000-06-03 04:11:12 22 12958 0 3597 356 0 26 0 2739 2
2000-06-03 04:21:12 22 13013 0 319 391 0 26 0 220 0
2000-06-03 04:31:12 22 13068 0 55 390 0 26 0 0 0
2000-06-03 04:41:12 22 13068 0 0 390 0 26 0 0 0
2000-06-03 04:51:12 22 13013 0 0 390 0 26 0 0 0
2000-06-03 05:01:12 22 13013 0 0 391 0 26 0 0 0
2000-06-03 05:11:12 22 13013 0 0 391 0 26 0 0 0
2000-06-03 05:21:12 22 12848 0 0 395 0 26 0 0 0
2000-06-03 05:31:12 22 12848 0 55 396 0 26 0 0 0
2000-06-03 05:41:12 22 13013 0 0 391 0 26 0 0 0
2000-06-03 05:51:12 22 13013 0 0 391 0 26 0 0 0
2000-06-03 06:01:12 22 13068 0 0 277 0 28 0 0 0
2000-06-03 06:11:12 22 13167 0 0 162 0 26 0 0 0
2000-06-03 06:21:12 22 13167 0 0 162 0 26 0 0 0
2000-06-03 06:31:12 22 13167 0 0 162 0 26 0 0 0
2000-06-03 06:41:12 22 13167 0 0 161 0 26 0 0 0
2000-06-03 06:51:12 22 13167 0 0 162 0 26 0 0 0
2000-06-03 07:01:12 22 13167 0 0 162 0 26 0 0 0
2000-06-03 07:11:12 22 13167 0 0 163 0 27 0 0 0
2000-06-03 07:21:12 22 13167 0 0 163 0 26 0 0 0
2000-06-03 07:31:12 22 13167 0 0 163 0 26 0 0 0
2000-06-03 07:41:12 22 13167 0 0 163 0 26 0 0 0
2000-06-03 07:51:12 22 13167 0 0 163 0 26 0 0 0
2000-06-03 08:01:12 22 13167 0 0 163 0 27 0 0 0
2000-06-03 08:11:12 22 13123 0 0 163 0 26 0 0 0
2000-06-03 08:21:12 22 13123 0 0 163 0 26 0 0 0
2000-06-03 08:31:12 22 13123 0 0 163 0 27 0 0 0
2000-06-03 08:41:12 22 13123 0 0 163 0 26 0 0 0
2000-06-03 08:51:12 22 13123 0 0 163 0 26 0 0 0
2000-06-03 09:01:12 22 13123 0 0 163 0 26 0 0 0
2000-06-03 09:11:12 22 13123 0 0 163 0 26 0 0 0
2000-06-03 09:21:12 22 13123 0 0 163 0 26 0 0 0
2000-06-03 09:31:12 22 13123 0 0 163 0 26 0 0 0
2000-06-03 09:41:12 22 13123 0 0 163 0 26 0 0 0
2000-06-03 09:51:12 22 13123 0 0 163 0 26 0 0 0
2000-06-03 10:01:12 22 13123 0 0 163 0 27 0 0 0
2000-06-03 10:11:12 22 13123 0 0 163 0 27 0 0 0
2000-06-03 10:21:12 22 13123 0 0 163 0 26 0 0 0
2000-06-03 10:31:12 22 13123 0 0 163 0 26 0 0 0
2000-06-03 10:41:12 22 13123 0 0 163 0 26 0 0 0
2000-06-03 10:51:12 22 13123 0 0 163 0 26 0 0 0
2000-06-03 11:01:12 22 13123 0 0 164 0 26 0 0 0
2000-06-03 11:11:12 22 13068 0 0 164 0 26 0 0 0
2000-06-03 11:21:12 22 13068 0 0 164 0 26 0 0 0
2000-06-03 11:31:12 22 13068 0 0 164 0 26 0 0 0
2000-06-03 11:41:12 22 13068 0 0 164 0 26 0 0 0
2000-06-03 11:51:12 22 13068 0 0 164 0 26 0 0 0
2000-06-03 12:01:12 22 13068 0 0 164 0 26 0 0 0
2000-06-03 12:11:12 22 13068 0 0 164 0 26 0 0 0
2000-06-03 12:21:12 22 13068 0 0 164 0 27 0 0 0
2000-06-03 12:31:12 22 13068 0 0 164 0 26 0 0 0
2000-06-03 12:41:12 22 13068 0 0 164 0 28 0 0 0
2000-06-03 12:51:12 22 13068 0 0 164 0 28 0 0 0
2000-06-03 13:01:12 22 13068 0 0 164 0 27 0 0 0
2000-06-03 13:11:12 22 13013 0 0 164 0 26 0 0 0
2000-06-03 13:21:12 22 13013 0 0 164 0 26 0 0 0
2000-06-03 13:31:12 22 13068 0 0 101 0 26 0 0 0
2000-06-03 13:41:12 22 13167 0 0 0 0 26 0 0 0
2000-06-03 13:51:12 22 13167 0 0 0 0 26 0 0 0
2000-06-03 14:01:12 22 13167 0 0 0 0 26 0 0 0
2000-06-03 14:11:12 22 13167 0 0 0 0 27 0 0 0
2000-06-03 14:21:12 22 13167 0 0 0 0 26 0 0 0
2000-06-03 14:31:12 22 13167 0 0 0 0 26 0 0 0
2000-06-03 14:41:12 22 13167 0 0 0 0 27 0 0 0
2000-06-03 14:51:12 22 13167 0 0 0 0 27 0 0 0
2000-06-03 15:01:12 22 13167 0 0 0 0 27 0 0 0
2000-06-03 15:11:12 22 13167 0 55 0 0 27 0 55 0
2000-06-03 15:21:12 22 13167 0 858 0 0 26 0 649 0
2000-06-03 15:31:12 22 13167 0 4521 0 0 27 0 3762 2
2000-06-03 15:41:12 22 13167 0 5973 0 0 27 0 5104 3
2000-06-03 15:51:12 22 13167 0 8492 0 0 26 2 8008 3
2000-06-03 16:01:12 22 13167 0 13497 0 0 27 4 14300 7
2000-06-03 16:11:12 22 13167 0 14674 0 0 27 11 17424 18
2000-06-03 16:21:12 22 13167 0 13761 0 0 26 10 16555 13
2000-06-03 16:31:12 22 13167 0 13871 0 0 27 13 17204 17
2000-06-03 16:41:12 22 13222 0 14036 0 0 26 29 18821 35
2000-06-03 16:51:12 22 13222 0 13981 0 0 27 31 18711 34
2000-06-03 17:01:12 22 13222 0 14135 0 0 26 45 19459 51
2000-06-03 17:11:12 22 13222 0 14784 0 0 27 49 19624 57
2000-06-03 17:21:12 22 13222 0 14894 0 0 27 56 19679 67
2000-06-03 17:31:12 22 13332 0 15103 0 0 27 120 20702 128
2000-06-03 17:41:12 22 13277 0 15004 0 0 27 101 20427 108
2000-06-03 17:51:12 22 13277 0 16665 0 0 26 82 20537 124
2000-06-03 18:01:12 22 13277 0 14839 0 0 28 85 20163 91
2000-06-03 18:11:12 22 13277 0 15059 0 0 26 98 20372 105
2000-06-03 18:21:12 22 13277 0 14575 0 0 26 71 19943 75
2000-06-03 18:31:12 22 13277 0 14839 0 0 28 98 20372 108
2000-06-03 18:41:12 22 13332 0 15059 0 1 28 128 20647 134
2000-06-03 18:51:12 22 13332 0 15158 0 0 28 112 20537 119
2000-06-03 19:01:12 22 13332 0 14949 0 0 28 112 20482 120
2000-06-03 19:11:12 22 13387 0 15488 0 0 28 197 21186 218
2000-06-03 19:21:12 22 13552 0 16181 0 0 30 317 21615 338
2000-06-03 19:31:12 22 13607 0 16071 0 0 30 372 21769 430
2000-06-03 19:41:12 22 13706 0 16500 0 0 28 514 21824 588
2000-06-03 19:51:12 22 13651 0 16500 0 0 28 381 21505 410
2000-06-03 20:01:12 22 13552 0 15752 0 0 26 274 21395 314
2000-06-03 20:11:12 22 13816 0 16555 0 0 26 644 22099 669
2000-06-03 20:21:12 22 13651 0 16456 0 0 26 551 21824 678
2000-06-03 20:31:12 22 13607 0 18117 0 0 27 579 21989 887
2000-06-03 20:41:12 22 13552 0 17798 0 0 28 499 21824 807
2000-06-03 20:51:12 22 13651 0 18601 0 0 26 565 21670 1037
2000-06-03 21:01:12 22 13706 0 19404 0 0 27 625 21824 1198
2000-06-03 21:11:12 22 13607 0 18920 0 0 27 532 21725 946
2000-06-03 21:21:12 22 13552 0 17369 0 0 26 482 21450 781
2000-06-03 21:31:12 22 13552 0 17204 0 0 28 498 21989 752
2000-06-03 21:41:12 22 13552 0 18007 0 0 27 565 21824 814
2000-06-03 21:51:12 22 13552 0 17688 0 0 27 525 21725 799
2000-06-03 22:01:12 22 13607 0 17094 0 0 27 432 21450 560
2000-06-03 22:11:12 22 13706 0 17468 0 0 28 640 22154 904
2000-06-03 22:21:12 22 13761 0 17952 0 0 26 613 21879 934
2000-06-03 22:31:12 22 13926 0 17094 0 0 26 865 22044 954
2000-06-03 22:41:12 22 14091 0 17149 0 0 26 1060 22044 1180
2000-06-03 22:51:12 22 14036 0 17908 0 0 26 1001 22099 1205
2000-06-03 23:01:12 22 14135 0 17743 0 0 26 1106 22154 1251
2000-06-03 23:11:12 22 14091 0 17094 0 0 29 1083 22099 1199
2000-06-03 23:21:12 22 13871 0 18920 0 0 26 797 21989 1201
2000-06-03 23:31:12 22 13926 0 18491 0 0 27 794 21879 1162
2000-06-03 23:41:12 22 14036 0 17908 0 0 26 927 21934 1134
2000-06-03 23:51:12 22 14036 0 18282 0 0 27 803 21725 1054
