Time ID V1 V2 V3 I1 I2 I3 I4 O1 O2
2000-06-23 00:01:12 22 14300 0 20647 0 0 28 139 20911 1095
2000-06-23 00:11:12 22 14300 0 20427 0 0 28 142 20757 1063
2000-06-23 00:21:12 22 14300 0 20592 0 0 27 145 20966 1029
2000-06-23 00:31:12 22 14300 0 20801 0 0 27 139 21186 989
2000-06-23 00:41:12 22 14300 0 20801 0 1 30 148 21186 952
2000-06-23 00:51:12 22 14300 0 20592 0 0 26 152 20966 908
2000-06-23 01:01:12 22 14300 0 20702 0 0 26 144 21076 864
2000-06-23 01:11:12 22 14300 0 20163 0 0 27 132 20856 736
2000-06-23 01:21:12 22 14300 0 20757 0 0 26 132 21131 766
2000-06-23 01:31:12 22 14300 0 20647 0 0 27 143 21076 722
2000-06-23 01:41:12 22 14300 0 20647 0 0 27 142 21076 658
2000-06-23 01:51:12 22 14300 0 20647 0 0 27 149 21186 609
2000-06-23 02:01:12 22 14300 0 20647 0 0 26 158 21241 555
2000-06-23 02:11:12 22 14300 0 20647 0 0 27 159 21241 502
2000-06-23 02:21:12 22 14300 0 20328 0 0 28 164 21131 435
2000-06-23 02:31:12 22 14300 0 20163 0 0 27 167 21076 384
2000-06-23 02:41:12 22 14300 0 20053 0 0 26 162 21021 330
2000-06-23 02:51:12 22 14300 0 18920 0 0 27 176 20856 264
2000-06-23 03:01:12 22 14300 0 18172 0 0 26 165 20757 218
2000-06-23 03:11:12 22 14190 0 15642 0 0 26 148 20427 162
2000-06-23 03:21:12 22 13926 0 15323 0 0 27 102 19998 112
2000-06-23 03:31:12 22 13816 0 14619 0 0 27 36 18491 40
2000-06-23 03:41:12 22 13552 0 14190 0 0 28 20 17578 24
2000-06-23 03:51:12 22 13387 0 13761 0 0 27 8 15697 12
2000-06-23 04:01:12 22 13277 0 12474 0 0 27 3 12364 5
2000-06-23 04:11:12 22 13222 0 6985 38 0 27 1 5973 3
2000-06-23 04:21:12 22 13068 0 1023 303 0 27 0 704 0
2000-06-23 04:31:12 22 13013 0 55 393 0 28 0 55 0
2000-06-23 04:41:12 22 13013 0 0 392 0 27 0 0 0
2000-06-23 04:51:12 22 13013 0 0 391 0 27 0 0 0
2000-06-23 05:01:12 22 13013 0 0 391 0 28 0 0 0
2000-06-23 05:11:12 22 13013 0 0 391 0 26 0 0 0
2000-06-23 05:21:12 22 13123 0 0 216 0 27 0 0 0
2000-06-23 05:31:12 22 13167 0 0 163 0 26 0 0 0
2000-06-23 05:41:12 22 13167 0 0 163 0 26 0 0 0
2000-06-23 05:51:12 22 13167 0 0 163 0 26 0 0 0
2000-06-23 06:01:12 22 13167 0 0 163 0 26 0 0 0
2000-06-23 06:11:12 22 13167 0 0 163 0 26 0 0 0
2000-06-23 06:21:12 22 13167 0 0 163 0 27 0 0 0
2000-06-23 06:31:12 22 13123 0 0 163 0 27 0 0 0
2000-06-23 06:41:12 22 13123 0 0 163 0 27 0 0 0
2000-06-23 06:51:12 22 13123 0 0 163 0 27 0 0 0
2000-06-23 07:01:12 22 13222 0 0 46 0 26 0 0 0
2000-06-23 07:11:12 22 13277 0 0 0 0 26 0 0 0
2000-06-23 07:21:12 22 13277 0 0 0 0 27 0 0 0
2000-06-23 07:31:12 22 13277 0 0 0 0 27 0 0 0
2000-06-23 07:41:12 22 13277 0 0 0 0 26 0 0 0
2000-06-23 07:51:12 22 13277 0 0 0 0 26 0 0 0
2000-06-23 08:01:12 22 13277 0 0 0 0 26 0 0 0
2000-06-23 08:11:12 22 13277 0 0 0 0 26 0 0 0
2000-06-23 08:21:12 22 13277 0 0 0 0 26 0 0 0
2000-06-23 08:31:12 22 13277 0 0 0 0 27 0 0 0
2000-06-23 08:41:12 22 13277 0 0 0 0 27 0 0 0
2000-06-23 08:51:12 22 13277 0 0 0 0 27 0 0 0
2000-06-23 09:01:12 22 13277 0 0 0 0 26 0 0 0
2000-06-23 09:11:12 22 13277 0 0 0 0 29 0 0 0
2000-06-23 09:21:12 22 13277 0 0 0 0 26 0 0 0
2000-06-23 09:31:12 22 13277 0 0 0 0 26 0 0 0
2000-06-23 09:41:12 22 13277 0 0 0 0 26 0 0 0
2000-06-23 09:51:12 22 13277 0 0 0 0 26 0 0 0
2000-06-23 10:01:12 22 13277 0 0 0 0 26 0 0 0
2000-06-23 10:11:12 22 13277 0 0 0 0 26 0 0 0
2000-06-23 10:21:12 22 13277 0 0 0 0 26 0 0 0
2000-06-23 10:31:12 22 13277 0 0 0 0 27 0 0 0
2000-06-23 10:41:12 22 13277 0 0 0 0 27 0 0 0
2000-06-23 10:51:12 22 13277 0 0 0 0 27 0 0 0
2000-06-23 11:01:12 22 13277 0 0 0 0 27 0 0 0
2000-06-23 11:11:12 22 13277 0 0 0 0 27 0 0 0
2000-06-23 11:21:12 22 13277 0 0 0 0 26 0 0 0
2000-06-23 11:31:12 22 13277 0 0 0 0 26 0 0 0
2000-06-23 11:41:12 22 13277 0 0 0 0 26 0 0 0
2000-06-23 11:51:12 22 13277 0 0 0 0 26 0 0 0
2000-06-23 12:01:12 22 13277 0 0 0 0 27 0 0 0
2000-06-23 12:11:12 22 13277 0 0 0 0 26 0 0 0
2000-06-23 12:21:12 22 13277 0 0 0 0 26 0 0 0
2000-06-23 12:31:12 22 13277 0 0 0 0 26 0 0 0
2000-06-23 12:41:12 22 13277 0 0 0 0 26 0 0 0
2000-06-23 12:51:12 22 13277 0 0 0 0 26 0 0 0
2000-06-23 13:01:12 22 13277 0 0 0 1 29 0 0 0
2000-06-23 13:11:12 22 13277 0 0 0 0 26 0 0 0
2000-06-23 13:21:12 22 13277 0 0 0 0 26 0 0 0
2000-06-23 13:31:12 22 13277 0 0 0 0 26 0 0 0
2000-06-23 13:41:12 22 13277 0 0 0 0 27 0 0 0
2000-06-23 13:51:12 22 13277 0 0 0 0 26 0 0 0
2000-06-23 14:01:12 22 13277 0 0 0 0 26 0 0 0
2000-06-23 14:11:12 22 13277 0 0 0 0 28 -1 0 0
2000-06-23 14:21:12 22 13277 0 0 0 0 28 -1 0 0
2000-06-23 14:31:12 22 13277 0 0 0 0 26 0 0 0
2000-06-23 14:41:12 22 13277 0 0 0 0 26 0 0 0
2000-06-23 14:51:12 22 13277 0 55 0 0 26 0 55 0
2000-06-23 15:01:12 22 13222 0 1232 0 0 27 0 1023 0
2000-06-23 15:11:12 22 13222 0 7469 0 0 26 1 6985 3
2000-06-23 15:21:12 22 13222 0 12529 0 0 28 3 12738 5
2000-06-23 15:31:12 22 13222 0 13607 0 0 27 10 16665 14
2000-06-23 15:41:12 22 13222 0 13981 0 0 27 23 18601 27
2000-06-23 15:51:12 22 13222 0 14036 0 0 27 37 19360 42
2000-06-23 16:01:12 22 13277 0 14190 0 0 26 51 19844 56
2000-06-23 16:11:12 22 13277 0 14575 0 0 26 62 20053 68
2000-06-23 16:21:12 22 13277 0 14729 0 0 26 73 20273 79
2000-06-23 16:31:12 22 13277 0 14894 0 0 27 94 20537 100
2000-06-23 16:41:12 22 13332 0 15323 0 0 26 133 20856 144
2000-06-23 16:51:12 22 13387 0 15323 0 0 27 157 20966 169
2000-06-23 17:01:12 22 13387 0 15488 0 0 26 184 21131 198
2000-06-23 17:11:12 22 13442 0 15752 0 0 26 216 21241 235
2000-06-23 17:21:12 22 13497 0 15697 0 0 26 259 21340 278
2000-06-23 17:31:12 22 13552 0 15862 0 0 26 310 21505 331
2000-06-23 17:41:12 22 13552 0 16181 0 0 26 346 21505 375
2000-06-23 17:51:12 22 13497 0 15642 0 0 26 277 21241 293
2000-06-23 18:01:12 22 13552 0 15807 0 0 26 307 21395 310
2000-06-23 18:11:12 22 13552 0 15972 0 0 26 330 21285 353
2000-06-23 18:21:12 22 13706 0 16181 0 0 26 520 21769 564
2000-06-23 18:31:12 22 13761 0 16236 0 0 26 639 21670 692
2000-06-23 18:41:12 22 13816 0 16346 0 0 26 645 21560 695
2000-06-23 18:51:12 22 13816 0 16346 0 0 26 694 21560 752
2000-06-23 19:01:12 22 13871 0 16401 0 0 26 720 21560 788
2000-06-23 19:11:12 22 13871 0 16401 0 0 26 770 21560 873
2000-06-23 19:21:12 22 13761 0 16126 0 0 26 561 20911 595
2000-06-23 19:31:12 22 13552 0 15642 0 0 26 272 20966 299
2000-06-23 19:41:12 22 13607 0 15862 0 0 27 323 21131 352
2000-06-23 19:51:12 22 13607 0 15587 0 0 26 261 20966 283
2000-06-23 20:01:12 22 13651 0 15752 0 0 27 286 21076 315
2000-06-23 20:11:12 22 13651 0 15697 0 0 27 262 21021 290
2000-06-23 20:21:12 22 13871 0 16720 0 0 26 327 21241 445
2000-06-23 20:31:12 22 14355 0 20482 0 0 26 109 21021 476
2000-06-23 20:41:12 22 14355 0 20592 0 0 27 78 21076 296
2000-06-23 20:51:12 22 14355 0 20482 0 0 27 76 21021 262
2000-06-23 21:01:12 22 14355 0 21021 0 0 26 82 21450 539
2000-06-23 21:11:12 22 14300 0 20328 0 0 26 146 21076 534
2000-06-23 21:21:12 22 14300 0 21076 0 0 26 140 21450 809
2000-06-23 21:31:12 22 14300 0 20801 0 0 26 145 21340 1009
2000-06-23 21:41:12 22 14300 0 20856 0 0 28 145 21131 1341
2000-06-23 21:51:12 22 14300 0 20757 0 0 27 137 21076 1256
2000-06-23 22:01:12 22 14300 0 20856 0 0 27 138 21186 1326
2000-06-23 22:11:12 22 14300 0 20911 0 0 26 135 21186 1312
2000-06-23 22:21:12 22 14300 0 21186 0 0 27 130 21450 1268
2000-06-23 22:31:12 22 14300 0 20757 0 0 27 146 21076 1157
2000-06-23 22:41:12 22 14300 0 20372 0 0 26 146 21131 531
2000-06-23 22:51:12 22 14300 0 21021 0 0 26 138 21560 988
2000-06-23 23:01:12 22 14300 0 20702 0 0 27 142 21131 768
2000-06-23 23:11:12 22 14300 0 20966 0 0 26 137 21450 731
2000-06-23 23:21:12 22 14300 0 21131 0 0 27 134 21395 1262
2000-06-23 23:31:12 22 14300 0 20372 0 0 26 139 21021 602
2000-06-23 23:41:12 22 14300 0 20911 0 0 27 140 21340 912
2000-06-23 23:51:12 22 14300 0 20053 0 0 26 138 20966 433
