Time ID V1 V2 V3 I1 I2 I3 I4 O1 O2
2000-05-09 00:02:04 22 14410 0 20911 0 0 28 33 20911 903
2000-05-09 00:12:04 22 14410 0 20966 0 0 26 33 21131 916
2000-05-09 00:22:04 22 14410 0 21186 0 0 27 32 21241 886
2000-05-09 00:32:04 22 14410 0 21241 0 0 27 32 21340 992
2000-05-09 00:42:04 22 14410 0 21131 0 0 26 33 21131 779
2000-05-09 00:52:04 22 14410 0 20856 0 0 28 33 21021 469
2000-05-09 01:02:04 22 14410 0 20537 0 0 28 33 20647 315
2000-05-09 01:12:04 22 14355 0 18337 0 0 28 46 19844 117
2000-05-09 01:22:04 22 14355 0 18920 0 0 27 73 20273 157
2000-05-09 01:32:04 22 14355 0 20911 0 0 28 68 21340 549
2000-05-09 01:42:04 22 14355 0 20856 0 0 28 74 21131 535
2000-05-09 01:52:04 22 14355 0 19085 0 0 28 79 20108 143
2000-05-09 02:02:04 22 14355 0 18337 0 0 26 81 20053 125
2000-05-09 02:12:04 22 14355 0 18337 0 0 26 79 20108 124
2000-05-09 02:22:04 22 14355 0 18062 0 0 28 82 20053 117
2000-05-09 02:32:04 22 14355 0 19305 0 0 28 77 20537 165
2000-05-09 02:42:04 22 14300 0 16555 0 0 28 67 19459 87
2000-05-09 02:52:04 22 13871 0 14619 0 0 28 28 18227 33
2000-05-09 03:02:04 22 13607 0 14465 0 0 28 33 18546 38
2000-05-09 03:12:04 22 13442 0 14190 0 0 28 30 18337 33
2000-05-09 03:22:04 22 13332 0 13981 0 0 27 18 17523 22
2000-05-09 03:32:04 22 13277 0 13871 0 0 28 13 16830 16
2000-05-09 03:42:04 22 13277 0 13222 0 0 26 4 13981 7
2000-05-09 03:52:04 22 13222 0 11022 0 0 28 2 10483 4
2000-05-09 04:02:04 22 13222 0 4840 0 0 28 0 3817 2
2000-05-09 04:12:04 22 13167 0 594 129 0 27 0 374 0
2000-05-09 04:22:04 22 13068 0 0 226 0 28 0 0 0
2000-05-09 04:32:04 22 13123 0 0 226 0 28 0 0 0
2000-05-09 04:42:04 22 13123 0 0 226 0 28 0 0 0
2000-05-09 04:52:04 22 13123 0 0 226 0 28 0 0 0
2000-05-09 05:02:04 22 13123 0 0 225 0 27 0 0 0
2000-05-09 05:12:04 22 13123 0 0 226 0 26 0 0 0
2000-05-09 05:22:04 22 13123 0 0 226 0 28 0 0 0
2000-05-09 05:32:04 22 13123 0 0 226 0 28 0 0 0
2000-05-09 05:42:04 22 13123 0 0 226 0 28 0 0 0
2000-05-09 05:52:04 22 13123 0 0 225 0 27 0 0 0
2000-05-09 06:02:04 22 13123 0 0 225 0 28 0 0 0
2000-05-09 06:12:04 22 13123 0 0 225 0 28 0 0 0
2000-05-09 06:22:04 22 13167 0 0 169 0 28 0 0 0
2000-05-09 06:32:04 22 13277 0 0 0 0 28 0 0 0
2000-05-09 06:42:04 22 13277 0 0 0 0 26 0 0 0
2000-05-09 06:52:04 22 13277 0 0 0 0 28 0 0 0
2000-05-09 07:02:04 22 13277 0 0 0 0 28 0 0 0
2000-05-09 07:12:04 22 13277 0 0 0 0 27 0 0 0
2000-05-09 07:22:04 22 13277 0 0 0 0 27 0 0 0
2000-05-09 07:32:04 22 13277 0 0 0 0 28 0 0 0
2000-05-09 07:42:04 22 13277 0 0 0 0 28 0 0 0
2000-05-09 07:52:04 22 13277 0 0 0 0 26 0 0 0
2000-05-09 08:02:04 22 13277 0 0 0 0 27 0 0 0
2000-05-09 08:12:04 22 13277 0 0 0 0 27 0 0 0
2000-05-09 08:22:04 22 13277 0 0 0 0 28 0 0 0
2000-05-09 08:32:04 22 13277 0 0 0 0 28 0 0 0
2000-05-09 08:42:04 22 13277 0 0 0 0 27 0 0 0
2000-05-09 08:52:04 22 13277 0 0 0 0 27 0 0 0
2000-05-09 09:02:04 22 13277 0 0 0 0 28 0 0 0
2000-05-09 09:12:04 22 13277 0 0 0 0 26 0 0 0
2000-05-09 09:22:04 22 13277 0 0 0 0 28 0 0 0
2000-05-09 09:32:04 22 13277 0 0 0 0 28 0 0 0
2000-05-09 09:42:04 22 13277 0 0 0 0 28 0 0 0
2000-05-09 09:52:04 22 13277 0 0 0 0 27 0 0 0
2000-05-09 10:02:04 22 13277 0 0 0 0 27 0 0 0
2000-05-09 10:12:04 22 13277 0 0 0 0 28 0 0 0
2000-05-09 10:22:04 22 13277 0 0 0 0 29 0 0 0
2000-05-09 10:32:04 22 13277 0 0 0 0 28 0 0 0
2000-05-09 10:42:04 22 13277 0 0 0 0 28 0 0 0
2000-05-09 10:52:04 22 13277 0 0 0 0 27 0 0 0
2000-05-09 11:02:04 22 13277 0 0 0 0 28 0 0 0
2000-05-09 11:12:04 22 13277 0 0 0 0 27 0 0 0
2000-05-09 11:22:04 22 13277 0 0 0 0 28 0 0 0
2000-05-09 11:32:04 22 13277 0 0 0 0 28 0 0 0
2000-05-09 11:42:04 22 13277 0 0 0 0 28 0 0 0
2000-05-09 11:52:04 22 13277 0 0 0 0 27 0 0 0
2000-05-09 12:02:04 22 13277 0 0 0 0 27 0 0 0
2000-05-09 12:12:04 22 13277 0 0 0 0 28 0 0 0
2000-05-09 12:22:04 22 13277 0 0 0 0 27 0 0 0
2000-05-09 12:32:04 22 13277 0 0 0 0 27 0 0 0
2000-05-09 12:42:04 22 13277 0 0 0 0 28 0 0 0
2000-05-09 12:52:04 22 13277 0 0 0 0 26 0 0 0
2000-05-09 13:02:04 22 13277 0 0 0 0 26 0 0 0
2000-05-09 13:12:04 22 13277 0 0 0 0 28 0 0 0
2000-05-09 13:22:04 22 13277 0 0 0 0 27 0 0 0
2000-05-09 13:32:04 22 13277 0 0 0 0 27 0 0 0
2000-05-09 13:42:04 22 13277 0 0 0 0 27 0 0 0
2000-05-09 13:52:04 22 13277 0 0 0 0 28 0 0 0
2000-05-09 14:02:04 22 13277 0 0 0 0 27 0 0 0
2000-05-09 14:12:04 22 13277 0 0 0 0 27 0 0 0
2000-05-09 14:22:04 22 13277 0 0 0 0 28 0 0 0
2000-05-09 14:32:04 22 13277 0 0 0 0 27 0 0 0
2000-05-09 14:42:04 22 13277 0 0 0 0 28 0 0 0
2000-05-09 14:52:04 22 13277 0 0 0 0 28 0 0 0
2000-05-09 15:02:04 22 13277 0 0 0 0 27 0 0 0
2000-05-09 15:12:04 22 13277 0 0 0 0 27 0 0 0
2000-05-09 15:22:04 22 13277 0 0 0 0 28 0 0 0
2000-05-09 15:32:04 22 13222 0 55 0 0 27 0 55 0
2000-05-09 15:42:04 22 13222 0 1232 0 0 26 0 913 0
2000-05-09 15:52:04 22 13222 0 8283 0 0 27 1 8063 3
2000-05-09 16:02:04 22 13222 0 13167 0 0 26 4 14091 7
2000-05-09 16:12:04 22 13222 0 13816 0 0 26 13 17259 17
2000-05-09 16:22:04 22 13222 0 13981 0 0 26 24 18392 28
2000-05-09 16:32:04 22 13277 0 14036 0 0 27 35 19030 39
2000-05-09 16:42:04 22 13277 0 14355 0 0 26 55 19734 60
2000-05-09 16:52:04 22 13277 0 14619 0 0 26 72 20108 78
2000-05-09 17:02:04 22 13277 0 14894 0 0 28 93 20372 100
2000-05-09 17:12:04 22 13332 0 15323 0 0 27 115 20647 127
2000-05-09 17:22:04 22 13332 0 15158 0 0 27 128 20702 137
2000-05-09 17:32:04 22 13387 0 15268 0 0 28 150 20856 161
2000-05-09 17:42:04 22 13387 0 15488 0 0 28 180 21021 195
2000-05-09 17:52:04 22 13442 0 15587 0 0 28 210 21186 230
2000-05-09 18:02:04 22 13497 0 15543 0 0 27 245 21186 263
2000-05-09 18:12:04 22 13552 0 15862 0 0 27 276 21285 300
2000-05-09 18:22:04 22 13552 0 15807 0 0 28 272 21186 295
2000-05-09 18:32:04 22 13552 0 15752 0 0 27 284 21241 306
2000-05-09 18:42:04 22 13552 0 15917 0 0 27 294 21241 318
2000-05-09 18:52:04 22 13552 0 15862 0 0 28 287 21241 311
2000-05-09 19:02:04 22 13552 0 15862 0 0 28 327 21285 351
2000-05-09 19:12:04 22 13607 0 16071 0 0 28 389 21505 424
2000-05-09 19:22:04 22 13706 0 16126 0 0 27 452 21560 490
2000-05-09 19:32:04 22 13706 0 16027 0 0 27 508 21560 546
2000-05-09 19:42:04 22 13706 0 16071 0 0 28 510 21450 550
2000-05-09 19:52:04 22 13651 0 15972 0 0 28 393 21340 425
2000-05-09 20:02:04 22 13761 0 16181 0 0 27 526 21615 569
2000-05-09 20:12:04 22 13761 0 16126 0 0 28 551 21450 593
2000-05-09 20:22:04 22 13816 0 16291 0 0 27 615 21505 666
2000-05-09 20:32:04 22 13926 0 16236 0 0 26 629 21505 674
2000-05-09 20:42:04 22 14300 0 19943 0 0 27 295 21505 708
2000-05-09 20:52:04 22 14355 0 21131 0 0 26 97 21395 755
2000-05-09 21:02:04 22 14355 0 21021 0 0 27 88 21285 719
2000-05-09 21:12:04 22 14355 0 21076 0 0 26 88 21285 901
2000-05-09 21:22:04 22 14355 0 20856 0 0 26 87 21076 851
2000-05-09 21:32:04 22 14355 0 20911 0 0 28 88 21131 811
2000-05-09 21:42:04 22 14355 0 20911 0 0 27 85 21186 903
2000-05-09 21:52:04 22 14355 0 20856 0 0 27 87 21021 1028
2000-05-09 22:02:04 22 14355 0 20801 0 0 27 86 21021 977
2000-05-09 22:12:04 22 14355 0 20856 0 0 26 85 21076 916
2000-05-09 22:22:04 22 14355 0 20856 0 0 27 84 21076 890
2000-05-09 22:32:04 22 14355 0 20757 0 0 28 86 20911 928
2000-05-09 22:42:04 22 14355 0 20801 0 0 27 84 20966 973
2000-05-09 22:52:04 22 14355 0 20757 0 0 28 79 20966 1034
2000-05-09 23:02:04 22 14410 0 20856 0 0 26 33 20966 855
2000-05-09 23:12:04 22 14410 0 20856 0 0 27 33 20966 840
2000-05-09 23:22:04 22 14410 0 20911 0 0 28 33 21021 1037
2000-05-09 23:32:04 22 14410 0 20647 0 0 28 32 20757 1122
2000-05-09 23:42:04 22 14410 0 20273 0 0 27 33 20482 929
2000-05-09 23:52:04 22 14410 0 20427 0 0 27 32 20537 576
