Time ID V1 V2 V3 I1 I2 I3 I4 O1 O2
2023-09-30 00:02:47 21 12958 5124 0 224 61 30 1 0 1
2023-09-30 00:12:47 21 12903 4819 0 225 314 30 1 0 1
2023-09-30 00:22:47 21 12903 4819 0 226 363 31 1 0 1
2023-09-30 00:32:47 21 12848 4819 0 226 433 30 0 0 1
2023-09-30 00:42:47 21 12848 4819 0 225 365 30 0 0 0
2023-09-30 00:52:47 21 12848 4819 0 225 353 30 0 0 0
2023-09-30 01:02:47 21 12848 4819 0 226 389 30 0 0 0
2023-09-30 01:12:47 21 12958 4880 0 225 164 31 0 0 0
2023-09-30 01:22:47 21 12958 4880 0 225 144 31 0 0 0
2023-09-30 01:32:47 21 12958 4880 0 225 107 31 0 0 1
2023-09-30 01:42:47 21 12903 4880 0 225 284 31 0 0 0
2023-09-30 01:52:47 21 12848 4880 0 226 333 30 0 0 0
2023-09-30 02:02:47 21 12848 4880 0 226 328 30 0 0 0
2023-09-30 02:12:47 21 12848 4880 0 226 330 31 0 0 0
2023-09-30 02:22:47 21 12848 4880 0 226 333 31 0 0 1
2023-09-30 02:32:47 21 12848 4880 0 226 332 31 0 0 0
2023-09-30 02:42:47 21 12848 4880 0 226 330 31 0 0 0
2023-09-30 02:52:47 21 12848 4880 0 226 330 30 0 0 0
2023-09-30 03:02:47 21 12848 4880 0 226 329 29 0 0 0
2023-09-30 03:12:47 21 12848 4880 0 226 330 31 0 0 0
2023-09-30 03:22:47 21 12848 4819 0 226 332 31 0 0 0
2023-09-30 03:32:47 21 12793 4819 0 226 332 30 0 0 0
2023-09-30 03:42:47 21 12793 4819 0 226 334 31 0 0 0
2023-09-30 03:52:47 21 12793 4819 0 227 335 31 0 0 1
2023-09-30 04:02:47 21 12793 4819 0 228 333 31 0 0 0
2023-09-30 04:12:47 21 12793 4819 0 228 329 31 0 0 0
2023-09-30 04:22:47 21 12738 4819 0 228 328 31 0 0 0
2023-09-30 04:32:47 21 12738 4819 0 228 329 29 0 0 0
2023-09-30 04:42:47 21 12738 4819 0 228 329 31 0 0 0
2023-09-30 04:52:47 21 12738 4819 0 229 330 31 0 0 0
2023-09-30 05:02:47 21 12738 4819 0 229 330 31 0 0 0
2023-09-30 05:12:47 21 12683 4819 0 229 330 31 0 0 0
2023-09-30 05:22:47 21 12683 4819 0 229 330 31 0 0 1
2023-09-30 05:32:47 21 12683 4819 0 229 329 31 0 0 0
2023-09-30 05:42:47 21 12683 4819 0 229 329 31 0 0 0
2023-09-30 05:52:47 21 12683 4819 55 217 329 31 0 0 0
2023-09-30 06:02:47 21 12848 4880 0 -2 330 31 0 0 0
2023-09-30 06:12:47 21 12848 4880 0 -3 331 31 0 0 0
2023-09-30 06:22:47 21 12848 4880 0 -2 336 31 0 0 0
2023-09-30 06:32:47 21 12848 4819 0 -2 341 31 0 0 0
2023-09-30 06:42:47 21 12848 4819 0 -2 344 30 0 0 0
2023-09-30 06:52:47 21 12848 4819 0 -2 345 31 0 0 0
2023-09-30 07:02:47 21 12848 4819 0 -2 346 30 0 0 0
2023-09-30 07:12:47 21 12848 4819 0 -2 347 31 0 0 0
2023-09-30 07:22:47 21 12848 4819 0 -2 348 31 0 0 0
2023-09-30 07:32:47 21 12848 4819 0 -2 341 30 0 0 0
2023-09-30 07:42:47 21 12848 4819 0 -2 350 31 0 0 0
2023-09-30 07:52:47 21 12848 4819 0 -2 350 30 0 0 0
2023-09-30 08:02:47 21 12793 4819 0 -2 350 30 0 0 0
2023-09-30 08:12:47 21 12793 4819 0 -2 350 31 0 0 0
2023-09-30 08:22:47 21 12793 4819 0 -2 350 31 0 0 0
2023-09-30 08:32:47 21 12793 4819 0 -2 351 30 0 0 0
2023-09-30 08:42:47 21 12793 4819 0 -2 351 31 0 0 0
2023-09-30 08:52:47 21 12793 4819 0 -2 352 30 0 0 0
2023-09-30 09:02:47 21 12793 4819 0 -2 352 30 0 0 1
2023-09-30 09:12:47 21 12793 4819 0 -2 351 30 0 0 0
2023-09-30 09:22:47 21 12793 4819 0 6 350 31 0 0 0
2023-09-30 09:32:47 21 12903 5124 0 -2 62 30 1 0 2
2023-09-30 09:42:47 21 12848 5185 0 110 -2 31 0 0 0
2023-09-30 09:52:47 21 12738 5185 0 229 -2 30 0 0 0
2023-09-30 10:02:47 21 12738 5185 165 229 -2 31 0 110 0
2023-09-30 10:12:47 21 12738 5185 1452 229 -2 30 1 1133 1
2023-09-30 10:22:47 21 12738 5185 7370 229 -2 32 3 6721 3
2023-09-30 10:32:47 21 12738 5185 12045 229 -2 30 3 12254 4
2023-09-30 10:42:47 21 12738 5185 13013 229 -2 31 6 15543 8
2023-09-30 10:52:47 21 12738 5185 13277 229 -3 30 11 17039 14
2023-09-30 11:02:47 21 12683 5063 13387 229 84 31 25 18436 29
2023-09-30 11:12:47 21 12683 4819 13816 199 270 31 49 19404 52
2023-09-30 11:22:47 21 12848 4819 14135 -2 297 30 56 19679 60
2023-09-30 11:32:47 21 12903 4819 14300 -3 273 31 71 19943 74
2023-09-30 11:42:47 21 12848 4819 14245 -2 303 30 71 19844 73
2023-09-30 11:52:47 21 12903 4819 14465 -2 257 30 99 20273 106
2023-09-30 12:02:47 21 12958 4880 14839 -2 230 30 128 20372 135
2023-09-30 12:12:47 21 12958 4880 14619 -2 229 31 129 20372 137
2023-09-30 12:22:47 21 13013 4880 14784 -2 231 31 151 20537 161
2023-09-30 12:32:47 21 13013 4819 14949 -2 236 31 155 20482 166
2023-09-30 12:42:47 21 12958 4880 14465 -3 241 31 118 20163 124
2023-09-30 12:52:47 21 13013 4880 14949 -3 265 31 158 20592 169
2023-09-30 13:02:47 21 13068 4819 15103 -2 280 30 223 20856 241
2023-09-30 13:12:47 21 13222 4880 15543 -2 281 31 396 21186 428
2023-09-30 13:22:47 21 13222 4880 15433 -3 281 31 377 20856 381
2023-09-30 13:32:47 21 13222 4880 15103 -3 282 30 394 20801 393
2023-09-30 13:42:47 21 13277 4880 15488 -2 281 30 446 20856 475
2023-09-30 13:52:47 21 13222 4880 15323 -2 275 31 371 20647 384
2023-09-30 14:02:47 21 13387 5002 15752 -2 152 31 523 20966 524
2023-09-30 14:12:47 21 13442 5185 15587 -2 -1 30 479 20702 511
2023-09-30 14:22:47 21 13607 5063 15752 -2 96 30 753 21021 814
2023-09-30 14:32:47 21 13442 4880 15378 -2 230 31 583 20537 607
2023-09-30 14:42:47 21 13552 4880 15543 -3 233 30 756 21186 824
2023-09-30 14:52:47 21 13607 4880 15488 -3 241 31 862 20856 949
2023-09-30 15:02:47 21 13552 4880 15213 -3 333 31 778 20482 867
2023-09-30 15:12:47 21 13332 4819 15378 -2 371 30 482 20482 545
2023-09-30 15:22:47 21 13387 4880 16181 -3 373 31 514 20702 646
2023-09-30 15:32:47 21 13607 4880 16236 -3 346 30 851 20702 928
2023-09-30 15:42:47 21 13442 4880 15543 -3 350 30 615 20328 684
2023-09-30 15:52:47 21 13706 4880 16291 -2 387 30 979 20856 1067
2023-09-30 16:02:47 21 13387 4880 15433 -3 381 30 505 20328 634
2023-09-30 16:12:47 21 13761 4880 15587 -3 317 30 1020 20757 1080
2023-09-30 16:22:47 21 13816 4880 16181 -3 295 30 1044 20647 1167
2023-09-30 16:32:47 21 13497 4880 15213 -3 310 30 593 20218 676
2023-09-30 16:42:47 21 13706 4819 16665 -3 555 30 879 21021 1147
2023-09-30 16:52:47 21 13706 4880 15752 -2 442 31 893 20427 1003
2023-09-30 17:02:47 21 13607 4880 16401 -2 425 30 673 20856 870
2023-09-30 17:12:47 21 13497 4880 15642 -2 338 30 505 20328 624
2023-09-30 17:22:47 21 13706 4880 16456 -3 156 30 700 20911 842
2023-09-30 17:32:47 21 13816 4880 17204 -2 290 30 915 20966 1184
2023-09-30 17:42:47 21 13871 4880 15752 -3 347 30 1039 20647 1205
2023-09-30 17:52:47 21 13871 4880 15917 -2 252 30 1062 20647 1179
2023-09-30 18:02:47 21 13816 4880 15378 -2 159 31 922 20427 999
2023-09-30 18:12:47 21 13761 4880 15752 -2 386 31 895 20537 930
2023-09-30 18:22:47 21 13706 4880 15587 -2 406 31 791 20537 875
2023-09-30 18:32:47 21 13651 4880 15488 -3 411 30 721 20757 798
2023-09-30 18:42:47 21 13871 4880 15543 -3 395 31 1006 20911 1062
2023-09-30 18:52:47 21 13926 4880 16027 -2 375 30 1038 20911 1138
2023-09-30 19:02:47 21 13981 4880 15972 -3 367 30 1031 20757 1121
2023-09-30 19:12:47 21 13981 5002 17853 -2 173 31 792 20702 1045
2023-09-30 19:22:47 21 13981 5185 19305 -3 -1 31 540 20801 980
2023-09-30 19:32:47 21 14036 5124 19404 -2 70 31 459 20647 920
2023-09-30 19:42:47 21 14135 4880 19360 -3 309 31 427 20757 931
2023-09-30 19:52:47 21 14190 4880 19888 -2 305 31 289 20702 776
2023-09-30 20:02:47 21 14091 4880 20163 -2 305 32 220 20801 696
2023-09-30 20:12:47 21 14036 4880 20273 -3 303 31 183 20911 654
2023-09-30 20:22:47 21 14091 4880 20372 -2 298 31 168 20856 736
2023-09-30 20:32:47 21 14135 4880 19140 -3 290 31 172 20537 481
2023-09-30 20:42:47 21 14135 4880 16236 -2 277 31 190 20273 228
2023-09-30 20:52:47 21 14036 4880 15323 -2 260 31 156 20053 168
2023-09-30 21:02:47 21 14135 4880 17204 -3 261 31 185 20592 243
2023-09-30 21:12:47 21 14036 4880 15807 -2 324 30 157 20372 183
2023-09-30 21:22:47 21 13552 4819 15268 -3 353 30 140 20108 152
2023-09-30 21:32:47 21 13277 4819 14729 -2 350 30 121 19888 129
2023-09-30 21:42:47 21 13167 4819 14355 -3 348 31 98 19679 104
2023-09-30 21:52:47 21 13068 4819 14135 -2 341 31 73 19360 77
2023-09-30 22:02:47 21 13068 4819 14036 -2 358 30 63 19195 67
2023-09-30 22:12:47 21 13068 4819 13981 -2 361 30 56 19085 59
2023-09-30 22:22:47 21 13068 4819 13871 -2 357 30 40 18601 43
2023-09-30 22:32:47 21 13068 4819 13651 -2 338 30 22 17688 25
2023-09-30 22:42:47 21 12793 4819 12958 393 321 30 7 14894 9
2023-09-30 22:52:47 21 12793 4819 10703 394 303 30 3 9944 4
2023-09-30 23:02:47 21 12793 4819 3388 393 282 31 2 2475 2
2023-09-30 23:12:47 21 12793 4819 319 393 242 30 0 220 0
2023-09-30 23:22:47 21 12793 4819 0 393 250 31 0 0 0
2023-09-30 23:32:47 21 12793 4819 0 393 255 31 0 0 0
2023-09-30 23:42:47 21 12793 4819 0 393 273 31 0 0 0
2023-09-30 23:52:47 21 12793 4819 0 393 311 30 0 0 0
