Time ID V1 V2 V3 I1 I2 I3 I4 O1 O2
2023-08-27 00:02:47 21 12903 4880 0 225 159 27 0 0 0
2023-08-27 00:12:47 21 12903 4880 0 225 162 26 0 0 0
2023-08-27 00:22:47 21 12903 4880 0 225 158 26 0 0 0
2023-08-27 00:32:47 21 12903 4880 0 225 165 26 0 0 0
2023-08-27 00:42:47 21 12903 4880 0 225 165 26 0 0 0
2023-08-27 00:52:47 21 12903 4880 0 225 165 26 0 0 0
2023-08-27 01:02:47 21 12903 4880 0 225 164 26 0 0 0
2023-08-27 01:12:47 21 12903 4880 0 225 165 27 0 0 0
2023-08-27 01:22:47 21 12903 4880 0 225 161 26 0 0 0
2023-08-27 01:32:47 21 12903 4880 0 225 167 26 0 0 0
2023-08-27 01:42:47 21 12903 4880 0 225 165 27 0 0 0
2023-08-27 01:52:47 21 12903 4880 0 225 166 27 0 0 0
2023-08-27 02:02:47 21 12903 4880 0 195 190 27 0 0 0
2023-08-27 02:12:47 21 13013 4880 0 -2 258 27 0 0 0
2023-08-27 02:22:47 21 13013 4880 0 -2 261 27 0 0 0
2023-08-27 02:32:47 21 13013 4880 0 -2 263 27 0 0 0
2023-08-27 02:42:47 21 13013 4880 0 -2 264 28 0 0 0
2023-08-27 02:52:47 21 13013 4880 0 -2 265 27 0 0 0
2023-08-27 03:02:47 21 13013 4880 0 -3 265 27 0 0 0
2023-08-27 03:12:47 21 13013 4880 0 -2 265 26 0 0 0
2023-08-27 03:22:47 21 13013 4880 0 -2 265 28 0 0 0
2023-08-27 03:32:47 21 13013 4880 0 -2 265 27 0 0 0
2023-08-27 03:42:47 21 13013 4880 0 -2 265 27 0 0 0
2023-08-27 03:52:47 21 13013 4880 0 -2 266 28 0 0 0
2023-08-27 04:02:47 21 13013 4880 0 -2 266 27 0 0 0
2023-08-27 04:12:47 21 13013 4880 0 -2 266 27 0 0 0
2023-08-27 04:22:47 21 13013 4880 0 -2 266 27 0 0 0
2023-08-27 04:32:47 21 13013 4880 0 -2 266 27 0 0 0
2023-08-27 04:42:47 21 13013 4880 0 -2 266 27 0 0 0
2023-08-27 04:52:47 21 13013 4880 0 -2 266 27 0 0 0
2023-08-27 05:02:47 21 13013 4880 0 -2 267 27 0 0 0
2023-08-27 05:12:47 21 13013 4880 0 -2 267 27 0 0 0
2023-08-27 05:22:47 21 13013 4880 0 -2 267 27 0 0 0
2023-08-27 05:32:47 21 12958 4880 0 -2 267 27 0 0 0
2023-08-27 05:42:47 21 12958 4880 0 -2 268 27 0 0 0
2023-08-27 05:52:47 21 12958 4880 0 -2 268 28 0 0 0
2023-08-27 06:02:47 21 12958 4880 0 -2 268 27 0 0 0
2023-08-27 06:12:47 21 12958 4880 0 -2 268 27 0 0 0
2023-08-27 06:22:47 21 12958 4880 0 -2 268 28 0 0 0
2023-08-27 06:32:47 21 12958 4880 0 -2 268 27 0 0 0
2023-08-27 06:42:47 21 12958 4880 0 -2 268 27 0 0 0
2023-08-27 06:52:47 21 12958 4880 0 -2 269 28 0 0 0
2023-08-27 07:02:47 21 12958 4880 0 -2 269 27 0 0 0
2023-08-27 07:12:47 21 12958 4880 0 -2 269 27 0 0 0
2023-08-27 07:22:47 21 12958 4880 0 -2 269 28 0 0 1
2023-08-27 07:32:47 21 12903 4880 0 -2 269 28 0 0 0
2023-08-27 07:42:47 21 12903 4880 0 -2 269 28 0 0 0
2023-08-27 07:52:47 21 12903 4880 0 -2 268 28 0 0 0
2023-08-27 08:02:47 21 12903 4880 0 -2 256 28 0 0 0
2023-08-27 08:12:47 21 12903 4880 0 -2 248 27 0 0 0
2023-08-27 08:22:47 21 12903 4880 0 -2 249 28 0 0 0
2023-08-27 08:32:47 21 12903 4880 0 -2 239 28 0 0 0
2023-08-27 08:42:47 21 12903 4880 0 -2 214 28 0 0 0
2023-08-27 08:52:47 21 12903 4880 0 -2 191 28 0 0 0
2023-08-27 09:02:47 21 12903 4880 0 -2 171 28 0 0 0
2023-08-27 09:12:47 21 12958 4880 0 -2 168 27 0 0 1
2023-08-27 09:22:47 21 12958 4880 0 -2 143 28 0 0 1
2023-08-27 09:32:47 21 12958 4880 0 -2 118 28 0 0 0
2023-08-27 09:42:47 21 12958 4880 0 -2 87 27 0 0 0
2023-08-27 09:52:47 21 12958 4880 0 -2 80 27 0 0 0
2023-08-27 10:02:47 21 12958 4880 0 -2 77 28 0 0 0
2023-08-27 10:12:47 21 12958 5002 0 -2 38 28 0 0 0
2023-08-27 10:22:47 21 13013 5185 0 -2 -1 27 0 0 0
2023-08-27 10:32:47 21 13013 5185 165 -2 -1 28 0 110 0
2023-08-27 10:42:47 21 12958 4941 2475 37 96 27 1 2101 2
2023-08-27 10:52:47 21 12903 4880 8712 -2 146 27 3 7898 3
2023-08-27 11:02:47 21 12903 4880 12155 -2 152 28 3 12364 4
2023-08-27 11:12:47 21 12903 4880 12958 -7 152 26 7 15488 9
2023-08-27 11:22:47 21 12903 4880 13442 -15 155 25 12 16885 15
2023-08-27 11:32:47 21 12903 4880 13497 -9 153 26 18 17853 21
2023-08-27 11:42:47 21 12903 4880 13497 -6 145 26 25 18436 27
2023-08-27 11:52:47 21 12958 4880 13651 -3 145 28 32 18920 34
2023-08-27 12:02:47 21 12958 4880 13816 -2 149 28 45 19459 48
2023-08-27 12:12:47 21 12958 4880 14091 -2 165 28 55 19789 59
2023-08-27 12:22:47 21 12958 4880 14575 -2 156 27 88 20273 92
2023-08-27 12:32:47 21 13013 4880 14784 -2 161 27 110 20537 118
2023-08-27 12:42:47 21 13068 4880 15004 -2 162 27 157 20856 166
2023-08-27 12:52:47 21 13167 4880 15378 -2 157 27 256 21186 269
2023-08-27 13:02:47 21 13222 4880 15543 -3 157 28 255 21186 293
2023-08-27 13:12:47 21 13332 4880 15917 -2 158 27 389 21505 414
2023-08-27 13:22:47 21 13387 4880 15807 -2 160 27 430 21340 455
2023-08-27 13:32:47 21 13497 4880 15917 -3 155 27 466 21285 500
2023-08-27 13:42:47 21 13497 4880 16027 -2 163 28 508 21285 552
2023-08-27 13:52:47 21 13552 4880 15917 -3 158 28 556 21241 602
2023-08-27 14:02:47 21 13607 4880 16027 -2 158 28 590 21241 647
2023-08-27 14:12:47 21 13651 4880 15807 -3 158 27 646 21241 697
2023-08-27 14:22:47 21 13706 4880 15752 -3 159 28 701 21285 735
2023-08-27 14:32:47 21 13706 4880 15972 -2 160 29 716 21285 765
2023-08-27 14:42:47 21 13761 4880 15697 -2 161 27 791 21186 824
2023-08-27 14:52:47 21 13761 4880 15862 -3 150 27 814 21186 867
2023-08-27 15:02:47 21 13816 4880 15488 -2 152 27 877 21021 907
2023-08-27 15:12:47 21 13816 4880 15543 -2 138 27 901 20966 943
2023-08-27 15:22:47 21 13761 4880 15917 -3 162 27 883 20801 983
2023-08-27 15:32:47 21 13816 4880 15543 -2 253 26 951 20702 1017
2023-08-27 15:42:47 21 13816 4880 15378 -2 383 28 994 20757 1046
2023-08-27 15:52:47 21 13816 4880 15642 -2 361 27 976 20702 1073
2023-08-27 16:02:47 21 13871 4880 15642 -2 356 27 1004 20702 1093
2023-08-27 16:12:47 21 13926 4880 15488 -5 320 24 1054 20757 1114
2023-08-27 16:22:47 21 13926 4880 16291 -3 341 25 1003 20702 1136
2023-08-27 16:32:47 21 13926 4880 18546 -4 348 26 781 20801 1156
2023-08-27 16:42:47 21 13981 4880 18920 -3 355 27 665 20647 1172
2023-08-27 16:52:47 21 14091 4880 19404 -3 344 26 559 20647 1188
2023-08-27 17:02:47 21 14190 4880 19514 -2 347 27 407 20372 1197
2023-08-27 17:12:47 21 14036 4880 19789 -2 347 28 246 20328 1207
2023-08-27 17:22:47 21 14036 4880 19789 -2 348 27 207 20218 1216
2023-08-27 17:32:47 21 14091 4880 19888 -3 344 26 188 20273 1215
2023-08-27 17:42:47 21 14190 4880 19943 -3 346 28 175 20372 1210
2023-08-27 17:52:47 21 14245 4880 20273 -3 335 27 157 20592 1207
2023-08-27 18:02:47 21 14245 4880 20053 -3 273 27 137 20328 1207
2023-08-27 18:12:47 21 14245 4880 19888 -2 180 27 118 20108 1205
2023-08-27 18:22:47 21 14245 4880 19943 -2 197 28 119 20218 1190
2023-08-27 18:32:47 21 14245 4880 20163 -3 188 26 109 20372 1174
2023-08-27 18:42:47 21 14245 4880 20163 -2 223 26 126 20482 1153
2023-08-27 18:52:47 21 14245 4880 20163 -4 238 27 129 20427 1135
2023-08-27 19:02:47 21 14300 5185 20218 -2 23 27 46 20328 1115
2023-08-27 19:12:47 21 14245 4880 20108 2 222 22 134 20372 1096
2023-08-27 19:22:47 21 14245 4880 20108 -2 244 27 131 20372 1071
2023-08-27 19:32:47 21 14190 4880 20273 -1 228 24 125 20592 1041
2023-08-27 19:42:47 21 14300 5185 20328 -2 20 27 44 20427 1006
2023-08-27 19:52:47 21 14300 5246 20218 -2 -1 28 33 20328 975
2023-08-27 20:02:47 21 14300 5246 20273 -2 -1 27 32 20372 936
2023-08-27 20:12:47 21 14300 5246 20328 -2 -1 28 33 20372 896
2023-08-27 20:22:47 21 14300 5246 20372 -2 -1 28 33 20482 854
2023-08-27 20:32:47 21 14300 5246 20427 -2 -1 27 33 20592 808
2023-08-27 20:42:47 21 14300 5246 20537 -2 -1 27 32 20647 764
2023-08-27 20:52:47 21 14300 5246 20592 -2 -1 27 32 20702 721
2023-08-27 21:02:47 21 14300 5246 20592 -2 -1 27 31 20702 676
2023-08-27 21:12:47 21 14245 5124 19679 -2 118 29 72 20757 584
2023-08-27 21:22:47 21 13497 4819 15103 -2 361 28 60 20372 80
2023-08-27 21:32:47 21 13123 4880 14036 -2 358 27 40 18975 43
2023-08-27 21:42:47 21 13068 4880 13871 -2 347 27 36 18392 38
2023-08-27 21:52:47 21 13068 4880 13706 -2 350 27 31 18282 34
2023-08-27 22:02:47 21 13068 4880 13761 -2 340 28 26 18117 29
2023-08-27 22:12:47 21 13068 4880 13607 -2 343 27 22 17853 24
2023-08-27 22:22:47 21 13068 4880 13607 -2 346 28 16 17369 19
2023-08-27 22:32:47 21 13013 4880 13497 -2 348 27 10 16456 12
2023-08-27 22:42:47 21 13123 5185 13222 -2 10 27 4 14135 6
2023-08-27 22:52:47 21 13167 5246 9790 -2 -1 27 3 8767 3
2023-08-27 23:02:47 21 13013 5185 1936 184 -2 27 0 1287 2
2023-08-27 23:12:47 21 12903 5185 165 346 -2 27 0 110 0
2023-08-27 23:22:47 21 12848 5185 0 393 10 27 0 0 0
2023-08-27 23:32:47 21 12738 4819 0 395 411 26 0 0 0
2023-08-27 23:42:47 21 12738 4819 0 395 389 26 1 0 1
2023-08-27 23:52:47 21 12793 4819 0 395 314 27 0 0 0
