Time ID V1 V2 V3 I1 I2 I3 I4 O1 O2
2023-09-06 00:02:47 21 12903 4819 0 225 350 27 0 0 0
2023-09-06 00:12:47 21 12903 4819 0 225 350 27 0 0 0
2023-09-06 00:22:47 21 12958 5002 0 225 174 27 0 0 0
2023-09-06 00:32:47 21 13013 5185 0 224 -1 28 0 0 0
2023-09-06 00:42:47 21 13013 5185 0 224 -2 28 0 0 0
2023-09-06 00:52:47 21 12958 5185 0 224 -2 27 0 0 0
2023-09-06 01:02:47 21 12958 5185 0 224 -2 27 0 0 0
2023-09-06 01:12:47 21 12958 5124 0 224 81 27 1 0 1
2023-09-06 01:22:47 21 12903 4880 0 224 297 27 0 0 0
2023-09-06 01:32:47 21 12903 4880 0 224 284 27 0 0 0
2023-09-06 01:42:47 21 12848 4819 0 226 360 27 0 0 0
2023-09-06 01:52:47 21 12848 4819 0 226 364 27 0 0 0
2023-09-06 02:02:47 21 12848 4819 0 226 366 27 0 0 0
2023-09-06 02:12:47 21 12848 4819 0 226 366 27 0 0 0
2023-09-06 02:22:47 21 12848 4819 0 226 368 27 0 0 0
2023-09-06 02:32:47 21 12848 4819 0 226 368 28 0 0 0
2023-09-06 02:42:47 21 12848 4819 0 226 368 28 0 0 0
2023-09-06 02:52:47 21 12793 4819 0 226 368 28 0 0 0
2023-09-06 03:02:47 21 12793 4819 0 226 368 27 0 0 0
2023-09-06 03:12:47 21 12793 4819 0 226 369 28 0 0 0
2023-09-06 03:22:47 21 12793 4819 0 227 366 28 0 0 0
2023-09-06 03:32:47 21 12793 4819 0 228 369 29 0 0 0
2023-09-06 03:42:47 21 12793 4819 0 228 369 28 0 0 0
2023-09-06 03:52:47 21 12738 4819 0 228 370 27 0 0 0
2023-09-06 04:02:47 21 12738 4819 0 228 370 29 0 0 0
2023-09-06 04:12:47 21 12738 4819 0 228 370 27 0 0 0
2023-09-06 04:22:47 21 12848 4819 0 67 372 27 0 0 0
2023-09-06 04:32:47 21 12903 4819 0 -2 374 28 0 0 0
2023-09-06 04:42:47 21 12903 4819 0 -2 375 28 0 0 0
2023-09-06 04:52:47 21 12903 4819 0 -2 374 28 0 0 0
2023-09-06 05:02:47 21 12903 4819 0 -2 374 28 0 0 0
2023-09-06 05:12:47 21 12903 4819 0 -2 374 28 0 0 0
2023-09-06 05:22:47 21 12903 4819 0 -2 374 28 0 0 0
2023-09-06 05:32:47 21 12848 4819 0 -2 374 27 0 0 0
2023-09-06 05:42:47 21 12848 4819 0 -2 374 28 0 0 0
2023-09-06 05:52:47 21 12848 4819 0 -2 374 29 0 0 0
2023-09-06 06:02:47 21 12848 4819 0 -2 373 28 0 0 0
2023-09-06 06:12:47 21 12848 4819 0 -2 370 27 0 0 0
2023-09-06 06:22:47 21 12848 4819 0 -2 364 27 0 0 0
2023-09-06 06:32:47 21 12848 4819 0 -2 320 27 0 0 0
2023-09-06 06:42:47 21 12848 4880 0 -2 282 28 0 0 0
2023-09-06 06:52:47 21 12903 4880 0 -2 239 28 0 0 0
2023-09-06 07:02:47 21 12903 4880 0 -2 211 28 0 0 0
2023-09-06 07:12:47 21 12903 4880 0 -2 224 27 0 0 1
2023-09-06 07:22:47 21 12903 4880 0 -2 212 28 0 0 0
2023-09-06 07:32:47 21 12903 4880 0 -2 217 27 0 0 0
2023-09-06 07:42:47 21 12903 4880 0 -2 152 27 0 0 0
2023-09-06 07:52:47 21 12903 4880 0 -2 107 28 0 0 0
2023-09-06 08:02:47 21 12903 4880 0 -2 89 27 0 0 0
2023-09-06 08:12:47 21 12903 4880 0 -2 86 27 0 0 0
2023-09-06 08:22:47 21 12903 4880 0 -2 72 28 0 0 0
2023-09-06 08:32:47 21 12958 4880 0 -2 58 27 0 0 0
2023-09-06 08:42:47 21 12958 4880 0 -2 54 27 0 0 0
2023-09-06 08:52:47 21 12958 4880 0 -2 62 27 0 0 0
2023-09-06 09:02:47 21 12958 4880 0 -2 59 28 0 0 0
2023-09-06 09:12:47 21 12958 4880 0 -2 53 27 0 0 0
2023-09-06 09:22:47 21 12958 5002 0 -2 32 27 0 0 0
2023-09-06 09:32:47 21 12958 5185 0 -2 -1 28 0 0 0
2023-09-06 09:42:47 21 12958 5185 0 -2 -1 28 0 0 0
2023-09-06 09:52:47 21 12958 5185 0 -2 -1 28 0 0 0
2023-09-06 10:02:47 21 12958 5185 0 -2 -1 28 0 0 0
2023-09-06 10:12:47 21 12958 5185 0 -2 -1 27 0 0 0
2023-09-06 10:22:47 21 12958 5185 0 -2 -2 27 0 0 0
2023-09-06 10:32:47 21 12958 5185 858 -2 -1 28 0 649 1
2023-09-06 10:42:47 21 12958 5185 6886 -2 -1 27 2 6292 3
2023-09-06 10:52:47 21 12958 5185 12419 -2 -1 27 3 12474 4
2023-09-06 11:02:47 21 12958 5185 14036 -2 -1 27 5 15752 9
2023-09-06 11:12:47 21 12958 5185 16555 -2 -1 28 9 17853 21
2023-09-06 11:22:47 21 13013 5185 13706 -2 -1 28 30 18766 34
2023-09-06 11:32:47 21 13013 5185 13981 -2 -2 28 49 19459 54
2023-09-06 11:42:47 21 13068 5185 14245 -2 -1 28 64 19789 68
2023-09-06 11:52:47 21 13068 5185 14465 -2 -1 28 78 19943 82
2023-09-06 12:02:47 21 13068 5185 14520 -2 -1 27 89 20053 94
2023-09-06 12:12:47 21 13068 5185 14619 -2 -1 27 97 20163 104
2023-09-06 12:22:47 21 13123 5185 15213 -2 -1 28 115 20372 132
2023-09-06 12:32:47 21 13123 5185 14949 -2 -2 27 132 20427 140
2023-09-06 12:42:47 21 13167 5185 15059 -3 -2 28 152 20482 159
2023-09-06 12:52:47 21 13167 5185 15268 -3 -2 28 180 20647 196
2023-09-06 13:02:47 21 13332 5185 15433 -2 -1 29 326 21021 355
2023-09-06 13:12:47 21 13387 5185 15543 -2 -1 29 395 20966 430
2023-09-06 13:22:47 21 13442 5185 15752 -2 -1 29 471 20911 519
2023-09-06 13:32:47 21 13497 5185 15543 -2 -1 27 501 20856 544
2023-09-06 13:42:47 21 13497 5246 15543 -2 -1 27 541 20856 579
2023-09-06 13:52:47 21 13442 5185 15642 -2 -1 27 383 20647 426
2023-09-06 14:02:47 21 13552 5124 15543 -2 70 28 573 20966 617
2023-09-06 14:12:47 21 13497 4880 15378 -2 356 27 608 20801 627
2023-09-06 14:22:47 21 13332 4819 15323 -2 385 28 414 20592 458
2023-09-06 14:32:47 21 13497 4880 15543 -3 379 27 594 20966 646
2023-09-06 14:42:47 21 13607 4880 15587 -2 378 27 729 20856 785
2023-09-06 14:52:47 21 13497 4880 15433 -2 375 28 573 20757 606
2023-09-06 15:02:47 21 13607 4880 15752 -2 372 27 734 20911 772
2023-09-06 15:12:47 21 13552 4880 15587 -2 368 28 590 20757 661
2023-09-06 15:22:47 21 13651 4880 15433 -3 366 28 803 20856 839
2023-09-06 15:32:47 21 13706 4880 15543 -3 365 27 834 20757 882
2023-09-06 15:42:47 21 13706 4880 15752 -2 364 28 806 20592 845
2023-09-06 15:52:47 21 13761 4880 15642 -2 363 28 987 20801 1037
2023-09-06 16:02:47 21 13761 4880 15433 -2 362 28 998 20537 1037
2023-09-06 16:12:47 21 13706 4880 15807 -2 361 28 884 20537 988
2023-09-06 16:22:47 21 13816 4880 15433 -2 361 28 1051 20592 1103
2023-09-06 16:32:47 21 13816 4880 15807 -3 361 28 976 20372 1062
2023-09-06 16:42:47 21 13706 4880 15862 -2 362 27 871 20372 968
2023-09-06 16:52:47 21 13706 4880 15488 -2 363 28 782 20537 844
2023-09-06 17:02:47 21 13816 4880 16291 -2 364 28 931 20647 1072
2023-09-06 17:12:47 21 13651 4880 15488 -2 368 28 730 20537 797
2023-09-06 17:22:47 21 13871 4880 15972 -2 372 28 921 20801 1025
2023-09-06 17:32:47 21 13981 4880 17039 -2 378 28 926 20647 1122
2023-09-06 17:42:47 21 13926 4880 18227 -2 366 27 745 20537 1116
2023-09-06 17:52:47 21 13926 4880 18337 -2 356 28 600 20482 1016
2023-09-06 18:02:47 21 14036 4880 19085 -2 350 27 516 20427 1054
2023-09-06 18:12:47 21 14190 4880 19459 -2 347 28 391 20427 1026
2023-09-06 18:22:47 21 14190 4819 19679 -2 460 28 281 20328 971
2023-09-06 18:32:47 21 14091 4819 19943 -2 499 29 253 20537 1005
2023-09-06 18:42:47 21 14091 4819 19888 -3 499 29 237 20372 1046
2023-09-06 18:52:47 21 14135 4880 19569 -2 401 28 207 20218 723
2023-09-06 19:02:47 21 14190 4880 19888 -2 336 28 183 20537 700
2023-09-06 19:12:47 21 14245 4880 19943 -2 316 27 155 20537 521
2023-09-06 19:22:47 21 14245 4880 19569 -2 290 28 145 20372 370
2023-09-06 19:32:47 21 14245 4880 18337 -2 291 27 158 20273 279
2023-09-06 19:42:47 21 13761 4819 15268 -2 486 27 187 20108 208
2023-09-06 19:52:47 21 13442 4819 15103 -2 481 28 197 20218 219
2023-09-06 20:02:47 21 13277 4819 14894 -2 463 28 173 20108 188
2023-09-06 20:12:47 21 13167 4819 14894 -2 377 28 138 19943 151
2023-09-06 20:22:47 21 13123 4819 14410 -2 400 27 117 19734 125
2023-09-06 20:32:47 21 13123 4819 14300 -2 378 28 99 19569 105
2023-09-06 20:42:47 21 13123 4819 14465 -2 361 27 101 19734 112
2023-09-06 20:52:47 21 13167 4880 14949 -3 359 27 179 20273 191
2023-09-06 21:02:47 21 13222 4880 15103 -2 345 27 224 20482 252
2023-09-06 21:12:47 21 13387 4880 15543 -2 349 27 375 21076 488
2023-09-06 21:22:47 21 13167 4880 14894 -2 371 27 131 20053 139
2023-09-06 21:32:47 21 13123 4880 14091 -2 340 28 72 19140 74
2023-09-06 21:42:47 21 13068 4880 13981 -2 349 27 48 18821 50
2023-09-06 21:52:47 21 13068 4880 13871 -2 356 27 44 18766 47
2023-09-06 22:02:47 21 13068 4880 13926 -2 364 27 49 18876 52
2023-09-06 22:12:47 21 13068 4880 13871 -2 301 27 41 18711 43
2023-09-06 22:22:47 21 13068 4819 13761 -2 335 27 32 18172 34
2023-09-06 22:32:47 21 13068 4880 13552 -2 304 28 14 16830 17
2023-09-06 22:42:47 21 13068 4880 12738 -2 141 27 4 12958 5
2023-09-06 22:52:47 21 13123 4880 8228 -2 121 27 3 7095 3
2023-09-06 23:02:47 21 13123 4880 1342 -2 83 27 0 913 0
2023-09-06 23:12:47 21 12958 4941 110 219 164 27 0 55 0
2023-09-06 23:22:47 21 12958 5185 0 224 -2 28 0 0 0
2023-09-06 23:32:47 21 12958 5185 0 224 -2 28 0 0 0
2023-09-06 23:42:47 21 12958 5185 0 224 -2 27 0 0 0
2023-09-06 23:52:47 21 12958 5185 0 224 -2 28 0 0 0
