Time ID V1 V2 V3 I1 I2 I3 I4 O1 O2
2024-01-06 00:09:40 21 12958 5063 0 224 104 35 0 0 0
2024-01-06 00:19:40 21 12903 4880 0 225 236 35 0 0 0
2024-01-06 00:29:40 21 12903 4880 0 225 236 36 0 0 0
2024-01-06 00:39:40 21 12903 4880 0 225 235 35 0 0 0
2024-01-06 00:49:40 21 12903 4880 0 225 235 36 0 0 0
2024-01-06 00:59:40 21 12903 4880 0 225 200 35 0 0 0
2024-01-06 01:09:40 21 12903 4880 0 225 218 35 0 0 0
2024-01-06 01:19:40 21 12903 4880 0 225 269 36 0 0 0
2024-01-06 01:29:40 21 12903 4880 0 225 265 37 0 0 0
2024-01-06 01:39:40 21 12903 4880 0 225 250 36 0 0 0
2024-01-06 01:49:40 21 12903 4880 0 225 239 35 0 0 0
2024-01-06 01:59:40 21 12903 4880 0 225 249 35 0 0 0
2024-01-06 02:09:40 21 12903 4880 0 225 255 35 0 0 0
2024-01-06 02:19:40 21 12903 4880 0 226 256 35 0 0 0
2024-01-06 02:29:40 21 12848 4880 0 226 255 35 0 0 0
2024-01-06 02:39:40 21 12848 4880 0 226 255 35 0 0 0
2024-01-06 02:49:40 21 12848 4880 0 226 254 35 0 0 0
2024-01-06 02:59:40 21 12848 4880 0 226 256 35 0 0 0
2024-01-06 03:09:40 21 12848 4880 0 226 256 36 0 0 0
2024-01-06 03:19:40 21 12848 4880 0 226 259 35 0 0 0
2024-01-06 03:29:40 21 12848 4880 0 226 260 35 0 0 0
2024-01-06 03:39:40 21 12848 4880 0 226 262 35 0 0 0
2024-01-06 03:49:40 21 12848 4880 0 226 265 35 0 0 0
2024-01-06 03:59:40 21 12793 4880 0 226 269 35 0 0 0
2024-01-06 04:09:40 21 12903 4880 0 90 274 35 0 0 0
2024-01-06 04:19:40 21 12958 4880 0 -2 276 35 0 0 0
2024-01-06 04:29:40 21 12958 4880 0 -2 276 35 0 0 0
2024-01-06 04:39:40 21 12958 4880 0 -2 277 35 0 0 0
2024-01-06 04:49:40 21 12958 4880 0 -2 277 35 0 0 0
2024-01-06 04:59:40 21 12958 4880 0 -2 277 35 0 0 0
2024-01-06 05:09:40 21 12958 4880 0 -2 276 35 0 0 0
2024-01-06 05:19:40 21 12958 4880 0 -2 275 34 0 0 0
2024-01-06 05:29:40 21 12958 4880 0 -2 274 35 0 0 0
2024-01-06 05:39:40 21 12958 4880 0 -2 273 35 0 0 0
2024-01-06 05:49:40 21 12958 4880 0 -2 272 35 0 0 0
2024-01-06 05:59:40 21 12958 4880 0 -2 276 35 0 0 0
2024-01-06 06:09:40 21 12958 4880 0 -2 276 35 0 0 0
2024-01-06 06:19:40 21 12903 4880 0 -2 274 35 0 0 0
2024-01-06 06:29:40 21 12903 4880 0 -2 271 35 0 0 0
2024-01-06 06:39:40 21 12903 4880 0 -2 271 35 0 0 0
2024-01-06 06:49:40 21 12903 4880 0 -2 274 35 0 0 0
2024-01-06 06:59:40 21 12903 4880 0 -3 271 35 0 0 0
2024-01-06 07:09:40 21 12903 4880 0 -2 265 36 0 0 0
2024-01-06 07:19:40 21 12903 4880 0 -2 269 36 0 0 0
2024-01-06 07:29:40 21 12903 4880 0 -2 269 35 0 0 0
2024-01-06 07:39:40 21 12903 4880 0 -2 240 35 0 0 0
2024-01-06 07:49:40 21 12903 4880 0 -2 233 35 0 0 0
2024-01-06 07:59:40 21 12903 4880 0 -2 236 35 0 0 0
2024-01-06 08:09:40 21 12903 4880 0 -2 243 35 0 0 0
2024-01-06 08:19:40 21 12903 4880 0 -2 239 35 0 0 0
2024-01-06 08:29:40 21 12903 4880 0 -2 230 35 0 0 0
2024-01-06 08:39:40 21 12903 4880 0 -2 222 35 0 0 0
2024-01-06 08:49:40 21 12903 4880 0 -2 216 35 0 0 0
2024-01-06 08:59:40 21 12903 4880 0 -2 215 35 0 0 0
2024-01-06 09:09:40 21 12903 4880 0 -2 197 34 0 0 0
2024-01-06 09:19:40 21 12903 4880 0 -2 183 34 0 0 0
2024-01-06 09:29:40 21 12903 4880 0 -3 152 34 0 0 0
2024-01-06 09:39:40 21 12903 4880 0 -2 138 33 0 0 1
2024-01-06 09:49:40 21 12903 4880 374 -2 120 34 0 319 0
2024-01-06 09:59:40 21 12903 4880 3652 -2 106 34 2 3069 2
2024-01-06 10:09:40 21 12958 4880 10912 -2 92 35 3 10648 4
2024-01-06 10:19:40 21 12958 4880 12903 -3 83 35 5 15213 7
2024-01-06 10:29:40 21 12958 5185 13552 -2 0 35 11 17094 13
2024-01-06 10:39:40 21 13013 5185 13607 -2 -2 35 20 18227 23
2024-01-06 10:49:40 21 13013 5185 13651 -2 -2 36 26 18656 29
2024-01-06 10:59:40 21 13013 5185 13761 -2 -2 35 32 18876 34
2024-01-06 11:09:40 21 13013 5185 13816 -3 -2 35 36 19030 39
2024-01-06 11:19:40 21 13013 5185 13981 -2 -1 35 38 19140 42
2024-01-06 11:29:40 21 13013 5185 13871 -2 -2 34 42 19140 44
2024-01-06 11:39:40 21 13068 5185 13926 -2 -2 35 44 19195 47
2024-01-06 11:49:40 21 13068 5185 13926 -2 -1 36 46 19250 49
2024-01-06 11:59:40 21 13068 5185 14036 -2 -1 35 47 19250 50
2024-01-06 12:09:40 21 13068 5185 14036 -2 -1 36 51 19360 54
2024-01-06 12:19:40 21 13068 5185 14135 -2 -2 35 60 19569 64
2024-01-06 12:29:40 21 13068 5185 14355 -2 -2 35 81 19888 89
2024-01-06 12:39:40 21 13123 5185 14784 -2 -1 36 127 20328 140
2024-01-06 12:49:40 21 13167 5063 15323 -2 67 35 176 20537 193
2024-01-06 12:59:40 21 13167 4880 15158 -3 215 36 222 20647 241
2024-01-06 13:09:40 21 13222 4880 15213 -3 181 35 270 20757 291
2024-01-06 13:19:40 21 13277 4880 15378 -2 179 35 315 20856 341
2024-01-06 13:29:40 21 13332 4880 15433 -3 179 35 362 20911 391
2024-01-06 13:39:40 21 13387 5063 15378 -3 96 35 411 20856 442
2024-01-06 13:49:40 21 13387 4880 15433 -3 203 35 451 20856 488
2024-01-06 13:59:40 21 13442 4880 15543 -3 205 36 484 20856 537
2024-01-06 14:09:40 21 13497 4880 15587 -3 205 35 537 20801 591
2024-01-06 14:19:40 21 13552 4880 15543 -3 202 36 594 20856 648
2024-01-06 14:29:40 21 13552 4880 15433 -3 198 36 549 20427 546
2024-01-06 14:39:40 21 13607 4880 15642 -3 198 35 690 20911 791
2024-01-06 14:49:40 21 13607 4880 15587 -3 197 36 629 20537 712
2024-01-06 14:59:40 21 13706 4880 15642 -3 198 36 799 20801 932
2024-01-06 15:09:40 21 13442 4880 14894 -2 196 35 375 19943 400
2024-01-06 15:19:40 21 13761 4880 15642 -2 200 36 887 20966 951
2024-01-06 15:29:40 21 13761 4880 15587 -3 200 37 843 20647 945
2024-01-06 15:39:40 21 13706 4880 15543 -2 200 36 763 20108 695
2024-01-06 15:49:40 21 13651 4880 15433 -2 199 36 674 20592 760
2024-01-06 15:59:40 21 13926 4880 15268 -2 200 35 1064 20592 1117
2024-01-06 16:09:40 21 13871 4880 15433 -3 199 35 1041 20592 1110
2024-01-06 16:19:40 21 13816 4880 15488 -2 197 36 930 20218 968
2024-01-06 16:29:40 21 13497 4880 15213 -2 195 35 383 19888 426
2024-01-06 16:39:40 21 13651 4880 16236 -3 196 35 598 20647 769
2024-01-06 16:49:40 21 13706 4880 16456 -2 196 36 658 20372 766
2024-01-06 16:59:40 21 13387 4880 14839 -2 194 36 289 19998 358
2024-01-06 17:09:40 21 13442 4880 15543 -2 195 35 311 20328 363
2024-01-06 17:19:40 21 13816 4880 16665 -3 199 36 800 20966 1000
2024-01-06 17:29:40 21 14036 4880 16236 -3 201 35 1086 20592 1213
2024-01-06 17:39:40 21 13981 4880 17578 -2 200 36 898 20482 1178
2024-01-06 17:49:40 21 13981 4880 18711 -2 200 36 725 20592 1169
2024-01-06 17:59:40 21 13981 4880 19140 -2 199 36 593 20592 1151
2024-01-06 18:09:40 21 14036 4880 19250 -2 199 36 504 20482 1156
2024-01-06 18:19:40 21 14190 4880 19404 -2 205 36 405 20328 1133
2024-01-06 18:29:40 21 14135 4880 17798 -2 205 36 230 19459 699
2024-01-06 18:39:40 21 13926 4880 18117 -3 206 36 178 20328 665
2024-01-06 18:49:40 21 13981 4880 19404 -2 209 36 171 20592 880
2024-01-06 18:59:40 21 13926 4880 19404 -3 337 36 195 20482 877
2024-01-06 19:09:40 21 13981 4880 20218 -3 385 36 200 20647 1049
2024-01-06 19:19:40 21 14036 4880 19998 -2 387 37 201 20482 1016
2024-01-06 19:29:40 21 14135 4880 19998 -3 390 36 200 20482 979
2024-01-06 19:39:40 21 14245 4880 20053 -3 393 36 192 20537 959
2024-01-06 19:49:40 21 14245 4880 20108 -2 392 36 181 20537 893
2024-01-06 19:59:40 21 14245 4880 19888 -3 393 36 189 20372 861
2024-01-06 20:09:40 21 14245 4880 20053 -2 391 36 178 20592 832
2024-01-06 20:19:40 21 14245 4880 20218 -3 392 36 186 20757 789
2024-01-06 20:29:40 21 14245 4880 20053 -3 391 36 188 20647 760
2024-01-06 20:39:40 21 14245 4880 20108 -3 389 37 182 20647 719
2024-01-06 20:49:40 21 14245 4880 20108 -3 388 36 182 20702 670
2024-01-06 20:59:40 21 14245 4880 19998 -3 388 36 177 20647 622
2024-01-06 21:09:40 21 14245 4880 20053 -3 386 36 181 20702 576
2024-01-06 21:19:40 21 14245 4880 20108 -3 372 36 176 20757 529
2024-01-06 21:29:40 21 14245 4880 20053 -3 299 36 150 20702 474
2024-01-06 21:39:40 21 14245 4880 19195 -2 179 36 117 20592 325
2024-01-06 21:49:40 21 13651 4880 14619 -3 215 35 46 19305 52
2024-01-06 21:59:40 21 13277 4880 14091 -2 183 36 38 18337 42
2024-01-06 22:09:40 21 13167 4880 13926 -2 133 36 35 18337 39
2024-01-06 22:19:40 21 13167 4880 13871 -2 57 36 33 18282 36
2024-01-06 22:29:40 21 13123 4880 13816 -2 236 35 30 18172 34
2024-01-06 22:39:40 21 13068 4880 13706 -3 254 35 27 18007 30
2024-01-06 22:49:40 21 13068 4880 13761 -2 253 36 25 17908 28
2024-01-06 22:59:40 21 13068 4880 13651 -2 254 35 23 17798 26
2024-01-06 23:09:40 21 13068 4880 13607 -2 252 35 16 17149 19
2024-01-06 23:19:40 21 13068 4880 13387 -3 244 35 8 15862 11
2024-01-06 23:29:40 21 13068 4880 12958 -5 226 35 5 13816 7
2024-01-06 23:39:40 21 13013 4880 9834 104 220 35 3 8921 3
2024-01-06 23:49:40 21 12903 4880 3168 225 209 35 1 2310 2
2024-01-06 23:59:40 21 12903 4880 374 225 228 35 0 264 0
