Time ID V1 V2 V3 I1 I2 I3 I4 O1 O2
2000-02-15 00:02:03 22 14300 0 20427 0 0 28 237 20966 1052
2000-02-15 00:12:03 22 14300 0 20372 0 0 28 238 20911 1033
2000-02-15 00:22:03 22 14300 0 20537 0 0 27 232 21076 1007
2000-02-15 00:32:03 22 14300 0 20482 0 0 27 245 21076 983
2000-02-15 00:42:03 22 14300 0 20592 0 0 27 236 21131 955
2000-02-15 00:52:03 22 14300 0 20592 0 0 28 232 21186 926
2000-02-15 01:02:03 22 14300 0 20702 0 0 27 234 21285 893
2000-02-15 01:12:03 22 14300 0 20647 0 0 28 235 21241 863
2000-02-15 01:22:03 22 14300 0 20592 0 0 28 239 21241 828
2000-02-15 01:32:03 22 14300 0 20592 0 0 28 235 21241 796
2000-02-15 01:42:03 22 14300 0 20592 0 0 27 237 21285 755
2000-02-15 01:52:03 22 14300 0 20537 0 0 27 236 21285 711
2000-02-15 02:02:03 22 14300 0 20537 0 0 27 235 21340 663
2000-02-15 02:12:03 22 14300 0 20482 0 0 27 235 21285 601
2000-02-15 02:22:03 22 14300 0 20328 0 0 27 232 21241 542
2000-02-15 02:32:03 22 14300 0 20108 0 0 28 241 21285 492
2000-02-15 02:42:03 22 13497 0 14465 0 0 27 60 17908 60
2000-02-15 02:52:03 22 13167 0 13816 0 0 27 21 17578 25
2000-02-15 03:02:03 22 13277 0 13981 0 0 27 17 17369 21
2000-02-15 03:12:03 22 13277 0 13926 0 0 27 12 16830 16
2000-02-15 03:22:03 22 13277 0 13761 0 0 27 7 15587 10
2000-02-15 03:32:03 22 13277 0 13013 0 0 27 3 12848 5
2000-02-15 03:42:03 22 13167 0 8382 174 0 27 1 7414 3
2000-02-15 03:52:03 22 13277 0 1452 0 0 27 0 968 0
2000-02-15 04:02:03 22 13277 0 165 0 0 27 0 110 0
2000-02-15 04:12:03 22 13277 0 0 0 0 26 0 0 0
2000-02-15 04:22:03 22 13123 0 0 219 0 28 0 0 0
2000-02-15 04:32:03 22 13123 0 0 226 0 28 0 0 0
2000-02-15 04:42:03 22 13123 0 0 225 0 28 0 0 0
2000-02-15 04:52:03 22 13123 0 0 225 0 27 0 0 0
2000-02-15 05:02:03 22 13123 0 0 225 0 27 0 0 0
2000-02-15 05:12:03 22 13123 0 0 225 0 28 0 0 0
2000-02-15 05:22:03 22 13123 0 0 225 0 27 0 0 0
2000-02-15 05:32:03 22 13123 0 0 225 0 27 0 0 0
2000-02-15 05:42:03 22 13123 0 0 225 0 27 0 0 0
2000-02-15 05:52:03 22 13123 0 0 225 0 27 0 0 0
2000-02-15 06:02:03 22 13123 0 0 225 0 28 0 0 0
2000-02-15 06:12:03 22 13123 0 0 225 0 27 0 0 0
2000-02-15 06:22:03 22 13123 0 0 225 0 27 0 0 0
2000-02-15 06:32:03 22 13123 0 0 225 0 27 0 0 0
2000-02-15 06:42:03 22 13123 0 0 225 0 27 0 0 0
2000-02-15 06:52:03 22 13068 0 0 226 0 27 0 0 0
2000-02-15 07:02:03 22 13068 0 0 226 0 27 0 0 0
2000-02-15 07:12:03 22 13068 0 0 226 0 27 0 0 0
2000-02-15 07:22:03 22 13068 0 0 226 0 27 0 0 0
2000-02-15 07:32:03 22 13068 0 0 226 0 28 0 0 0
2000-02-15 07:42:03 22 13068 0 0 226 0 28 0 0 0
2000-02-15 07:52:03 22 13068 0 0 226 0 28 0 0 0
2000-02-15 08:02:03 22 13068 0 0 226 0 27 0 0 0
2000-02-15 08:12:03 22 13068 0 0 226 0 28 0 0 0
2000-02-15 08:22:03 22 13068 0 0 226 0 28 0 0 0
2000-02-15 08:32:03 22 13068 0 0 226 0 28 0 0 0
2000-02-15 08:42:03 22 13068 0 0 226 0 27 0 0 0
2000-02-15 08:52:03 22 13068 0 0 226 0 28 0 0 0
2000-02-15 09:02:03 22 13068 0 0 226 0 27 0 0 0
2000-02-15 09:12:03 22 13068 0 0 226 0 26 0 0 0
2000-02-15 09:22:03 22 13068 0 0 226 0 28 0 0 0
2000-02-15 09:32:03 22 13068 0 0 226 0 28 0 0 0
2000-02-15 09:42:03 22 13068 0 0 226 0 28 0 0 0
2000-02-15 09:52:03 22 13068 0 0 226 0 27 0 0 0
2000-02-15 10:02:03 22 13068 0 0 226 0 28 0 0 0
2000-02-15 10:12:03 22 13068 0 0 226 0 27 0 0 0
2000-02-15 10:22:03 22 13068 0 0 226 0 28 0 0 0
2000-02-15 10:32:03 22 13013 0 0 226 0 28 0 0 0
2000-02-15 10:42:03 22 13013 0 0 227 0 28 0 0 0
2000-02-15 10:52:03 22 13013 0 0 228 0 27 0 0 0
2000-02-15 11:02:03 22 13013 0 0 228 0 28 0 0 0
2000-02-15 11:12:03 22 13013 0 0 228 0 27 0 0 0
2000-02-15 11:22:03 22 13013 0 0 228 0 28 0 0 0
2000-02-15 11:32:03 22 13013 0 0 228 0 27 0 0 0
2000-02-15 11:42:03 22 13013 0 0 228 0 28 0 0 0
2000-02-15 11:52:03 22 13013 0 0 228 0 27 0 0 0
2000-02-15 12:02:03 22 13068 0 0 175 0 28 0 0 0
2000-02-15 12:12:03 22 13167 0 0 0 0 27 0 0 0
2000-02-15 12:22:03 22 13167 0 0 0 0 27 0 0 0
2000-02-15 12:32:03 22 13222 0 0 0 0 29 0 0 0
2000-02-15 12:42:03 22 13222 0 0 0 0 27 0 0 0
2000-02-15 12:52:03 22 13222 0 0 0 0 28 0 0 0
2000-02-15 13:02:03 22 13222 0 0 0 0 29 0 0 0
2000-02-15 13:12:03 22 13222 0 0 0 0 28 0 0 0
2000-02-15 13:22:03 22 13222 0 0 0 0 28 0 0 0
2000-02-15 13:32:03 22 13222 0 0 0 0 27 0 0 0
2000-02-15 13:42:03 22 13222 0 0 0 0 27 0 0 0
2000-02-15 13:52:03 22 13222 0 0 0 0 28 0 0 0
2000-02-15 14:02:03 22 13222 0 0 0 0 26 0 0 0
2000-02-15 14:12:03 22 13222 0 0 0 0 28 0 0 0
2000-02-15 14:22:03 22 13222 0 0 0 0 28 0 0 0
2000-02-15 14:32:03 22 13222 0 0 0 0 28 0 0 0
2000-02-15 14:42:03 22 13222 0 0 0 0 28 0 0 0
2000-02-15 14:52:03 22 13222 0 0 0 0 28 0 0 0
2000-02-15 15:02:03 22 13222 0 0 0 0 28 0 0 0
2000-02-15 15:12:03 22 13222 0 0 0 0 27 0 0 0
2000-02-15 15:22:03 22 13222 0 0 0 0 28 0 0 0
2000-02-15 15:32:03 22 13222 0 0 0 0 28 0 0 0
2000-02-15 15:42:03 22 13222 0 0 0 0 28 0 0 0
2000-02-15 15:52:03 22 13222 0 429 0 0 28 0 319 0
2000-02-15 16:02:03 22 13222 0 4081 0 0 28 0 3553 2
2000-02-15 16:12:03 22 13222 0 10593 0 0 28 2 10318 4
2000-02-15 16:22:03 22 13222 0 13387 0 0 28 4 14355 7
2000-02-15 16:32:03 22 13222 0 14300 0 0 27 7 16456 11
2000-02-15 16:42:03 22 13222 0 13981 0 0 28 21 18282 24
2000-02-15 16:52:03 22 13222 0 14036 0 0 28 28 18711 32
2000-02-15 17:02:03 22 13222 0 14091 0 0 29 33 18876 36
2000-02-15 17:12:03 22 13123 0 13926 0 0 28 36 18975 39
2000-02-15 17:22:03 22 13068 0 14036 0 0 28 46 19360 50
2000-02-15 17:32:03 22 13068 0 14091 0 0 28 66 19844 71
2000-02-15 17:42:03 22 13068 0 14619 4 0 27 91 20328 99
2000-02-15 17:52:03 22 13222 0 15004 0 0 28 123 20647 133
2000-02-15 18:02:03 22 13332 0 15697 0 0 28 152 20911 173
2000-02-15 18:12:03 22 13387 0 15488 0 0 27 198 21131 215
2000-02-15 18:22:03 22 13442 0 15752 0 0 27 236 21241 261
2000-02-15 18:32:03 22 13497 0 15642 0 0 26 284 21340 307
2000-02-15 18:42:03 22 13442 0 15752 0 0 26 331 21450 355
2000-02-15 18:52:03 22 13497 0 15862 0 0 27 372 21450 402
2000-02-15 19:02:03 22 13497 0 15862 0 0 28 419 21505 449
2000-02-15 19:12:03 22 13607 0 16181 0 0 28 453 21560 496
2000-02-15 19:22:03 22 13651 0 16401 0 0 27 486 21560 542
2000-02-15 19:32:03 22 13651 0 16027 0 0 28 546 21505 586
2000-02-15 19:42:03 22 13651 0 16071 0 0 27 581 21560 629
2000-02-15 19:52:03 22 13706 0 15972 0 0 29 619 21560 671
2000-02-15 20:02:03 22 13761 0 15862 0 0 27 663 21505 711
2000-02-15 20:12:03 22 13761 0 15807 0 0 28 715 21505 748
2000-02-15 20:22:03 22 13761 0 15917 0 0 28 735 21505 786
2000-02-15 20:32:03 22 13761 0 15862 0 0 27 769 21450 821
2000-02-15 20:42:03 22 13761 0 15917 0 0 28 796 21340 854
2000-02-15 20:52:03 22 13816 0 15972 0 0 28 821 21241 888
2000-02-15 21:02:03 22 13816 0 15972 0 0 26 848 21241 916
2000-02-15 21:12:03 22 13816 0 16027 0 0 28 875 21340 942
2000-02-15 21:22:03 22 13871 0 16126 0 0 26 914 21450 968
2000-02-15 21:32:03 22 13871 0 16665 0 0 27 854 21285 991
2000-02-15 21:42:03 22 13926 0 16027 0 0 28 947 21285 1012
2000-02-15 21:52:03 22 13871 0 16610 0 0 28 885 21285 1031
2000-02-15 22:02:03 22 13926 0 16181 0 0 26 968 21285 1045
2000-02-15 22:12:03 22 13981 0 16456 0 0 26 919 21285 1055
2000-02-15 22:22:03 22 14036 0 16027 0 0 27 971 21340 1066
2000-02-15 22:32:03 22 14091 0 16500 0 0 28 945 21285 1077
2000-02-15 22:42:03 22 14245 0 18876 0 0 28 714 21241 1081
2000-02-15 22:52:03 22 14245 0 20702 0 0 27 239 21241 1081
2000-02-15 23:02:03 22 14300 0 20856 0 0 27 183 21285 1082
2000-02-15 23:12:03 22 14300 0 20801 0 0 27 178 21241 1081
2000-02-15 23:22:03 22 14300 0 20856 0 0 28 166 21241 1072
2000-02-15 23:32:03 22 14300 0 20757 0 0 27 169 21186 1060
2000-02-15 23:42:03 22 14300 0 20702 0 0 27 165 21076 1048
2000-02-15 23:52:03 22 14300 0 20757 0 0 28 167 21131 1035
